=== B = 27 ===

POWERS_OF_B:
[[0, 1], [1, 27], [2, 729], [3, 19683], [4, 531441], [5, 14348907], [6, 387420489], [7, 10460353203], [8, 282429536481], [9, 7625597484987]]

PIXELS_AND_BLOCKS:
[[0, 0, 10, 9, 1, 1], [1, 68630377364883, 1, 8, 0, 0], [2, 61287209416377, 1, 7, 1, 1], [3, 61004779879896, 2, 8, 0, 0], [4, 53661611931390, 2, 7, 1, 1], [5, 53672072284593, 1, 6, 0, 0], [6, 53944041467871, 1, 7, 1, 1], [7, 53379182394909, 3, 8, 0, 0], [8, 46036014446403, 3, 7, 1, 1], [9, 46056935152809, 1, 6, 0, 0], [10, 46046862220095, 1, 5, 1, 1], [11, 46046474799606, 2, 6, 0, 0], [12, 46318443982884, 2, 7, 1, 1], [13, 46328904336087, 1, 6, 0, 0], [14, 46600873519365, 1, 7, 1, 1], [15, 45753584909922, 4, 8, 0, 0], [16, 38410416961416, 4, 7, 1, 1], [17, 38441798021025, 1, 6, 0, 0], [18, 38431725088311, 1, 5, 1, 1], [19, 38431337667822, 2, 6, 0, 0], [20, 38421264735108, 2, 5, 1, 1], [21, 38421279084015, 1, 4, 0, 0], [22, 38421652155597, 1, 5, 1, 1], [23, 38420877314619, 3, 6, 0, 0], [24, 38692846497897, 3, 7, 1, 1], [25, 38713767204303, 1, 6, 0, 0], [26, 38703694271589, 1, 5, 1, 1], [27, 38703306851100, 2, 6, 0, 0], [28, 38975276034378, 2, 7, 1, 1], [29, 38985736387581, 1, 6, 0, 0], [30, 39257705570859, 1, 7, 1, 1], [31, 38127987424935, 5, 8, 0, 0], [32, 30784819476429, 5, 7, 1, 1], [33, 30826660889241, 1, 6, 0, 0], [34, 30816587956527, 1, 5, 1, 1], [35, 30816200536038, 2, 6, 0, 0], [36, 30806127603324, 2, 5, 1, 1], [37, 30806141952231, 1, 4, 0, 0], [38, 30806515023813, 1, 5, 1, 1], [39, 30805740182835, 3, 6, 0, 0], [40, 30795667250121, 3, 5, 1, 1], [41, 30795695947935, 1, 4, 0, 0], [42, 30795682130469, 1, 3, 1, 1], [43, 30795681599028, 2, 4, 0, 0], [44, 30796054670610, 2, 5, 1, 1], [45, 30796069019517, 1, 4, 0, 0], [46, 30796442091099, 1, 5, 1, 1], [47, 30795279829632, 4, 6, 0, 0], [48, 31067249012910, 4, 7, 1, 1], [49, 31098630072519, 1, 6, 0, 0], [50, 31088557139805, 1, 5, 1, 1], [51, 31088169719316, 2, 6, 0, 0], [52, 31078096786602, 2, 5, 1, 1], [53, 31078111135509, 1, 4, 0, 0], [54, 31078484207091, 1, 5, 1, 1], [55, 31077709366113, 3, 6, 0, 0], [56, 31349678549391, 3, 7, 1, 1], [57, 31370599255797, 1, 6, 0, 0], [58, 31360526323083, 1, 5, 1, 1], [59, 31360138902594, 2, 6, 0, 0], [60, 31632108085872, 2, 7, 1, 1], [61, 31642568439075, 1, 6, 0, 0], [62, 31914537622353, 1, 7, 1, 1], [63, 30502389939948, 6, 8, 0, 0], [64, 23159221991442, 6, 7, 1, 1], [65, 23211523757457, 1, 6, 0, 0], [66, 23201450824743, 1, 5, 1, 1], [67, 23201063404254, 2, 6, 0, 0], [68, 23190990471540, 2, 5, 1, 1], [69, 23191004820447, 1, 4, 0, 0], [70, 23191377892029, 1, 5, 1, 1], [71, 23190603051051, 3, 6, 0, 0], [72, 23180530118337, 3, 5, 1, 1], [73, 23180558816151, 1, 4, 0, 0], [74, 23180544998685, 1, 3, 1, 1], [75, 23180544467244, 2, 4, 0, 0], [76, 23180917538826, 2, 5, 1, 1], [77, 23180931887733, 1, 4, 0, 0], [78, 23181304959315, 1, 5, 1, 1], [79, 23180142697848, 4, 6, 0, 0], [80, 23170069765134, 4, 5, 1, 1], [81, 23170112811855, 1, 4, 0, 0], [82, 23170098994389, 1, 3, 1, 1], [83, 23170098462948, 2, 4, 0, 0], [84, 23170084645482, 2, 3, 1, 1], [85, 23170084665165, 1, 2, 0, 0], [86, 23170085176923, 1, 3, 1, 1], [87, 23170084114041, 3, 4, 0, 0], [88, 23170457185623, 3, 5, 1, 1], [89, 23170485883437, 1, 4, 0, 0], [90, 23170472065971, 1, 3, 1, 1], [91, 23170471534530, 2, 4, 0, 0], [92, 23170844606112, 2, 5, 1, 1], [93, 23170858955019, 1, 4, 0, 0], [94, 23171232026601, 1, 5, 1, 1], [95, 23169682344645, 5, 6, 0, 0], [96, 23441651527923, 5, 7, 1, 1], [97, 23483492940735, 1, 6, 0, 0], [98, 23473420008021, 1, 5, 1, 1], [99, 23473032587532, 2, 6, 0, 0], [100, 23462959654818, 2, 5, 1, 1], [101, 23462974003725, 1, 4, 0, 0], [102, 23463347075307, 1, 5, 1, 1], [103, 23462572234329, 3, 6, 0, 0], [104, 23452499301615, 3, 5, 1, 1], [105, 23452527999429, 1, 4, 0, 0], [106, 23452514181963, 1, 3, 1, 1], [107, 23452513650522, 2, 4, 0, 0], [108, 23452886722104, 2, 5, 1, 1], [109, 23452901071011, 1, 4, 0, 0], [110, 23453274142593, 1, 5, 1, 1], [111, 23452111881126, 4, 6, 0, 0], [112, 23724081064404, 4, 7, 1, 1], [113, 23755462124013, 1, 6, 0, 0], [114, 23745389191299, 1, 5, 1, 1], [115, 23745001770810, 2, 6, 0, 0], [116, 23734928838096, 2, 5, 1, 1], [117, 23734943187003, 1, 4, 0, 0], [118, 23735316258585, 1, 5, 1, 1], [119, 23734541417607, 3, 6, 0, 0], [120, 24006510600885, 3, 7, 1, 1], [121, 24027431307291, 1, 6, 0, 0], [122, 24017358374577, 1, 5, 1, 1], [123, 24016970954088, 2, 6, 0, 0], [124, 24288940137366, 2, 7, 1, 1], [125, 24299400490569, 1, 6, 0, 0], [126, 24571369673847, 1, 7, 1, 1], [127, 22876792454961, 7, 8, 0, 0], [128, 15533624506455, 7, 7, 1, 1], [129, 15596386625673, 1, 6, 0, 0], [130, 15586313692959, 1, 5, 1, 1], [131, 15585926272470, 2, 6, 0, 0], [132, 15575853339756, 2, 5, 1, 1], [133, 15575867688663, 1, 4, 0, 0], [134, 15576240760245, 1, 5, 1, 1], [135, 15575465919267, 3, 6, 0, 0], [136, 15565392986553, 3, 5, 1, 1], [137, 15565421684367, 1, 4, 0, 0], [138, 15565407866901, 1, 3, 1, 1], [139, 15565407335460, 2, 4, 0, 0], [140, 15565780407042, 2, 5, 1, 1], [141, 15565794755949, 1, 4, 0, 0], [142, 15566167827531, 1, 5, 1, 1], [143, 15565005566064, 4, 6, 0, 0], [144, 15554932633350, 4, 5, 1, 1], [145, 15554975680071, 1, 4, 0, 0], [146, 15554961862605, 1, 3, 1, 1], [147, 15554961331164, 2, 4, 0, 0], [148, 15554947513698, 2, 3, 1, 1], [149, 15554947533381, 1, 2, 0, 0], [150, 15554948045139, 1, 3, 1, 1], [151, 15554946982257, 3, 4, 0, 0], [152, 15555320053839, 3, 5, 1, 1], [153, 15555348751653, 1, 4, 0, 0], [154, 15555334934187, 1, 3, 1, 1], [155, 15555334402746, 2, 4, 0, 0], [156, 15555707474328, 2, 5, 1, 1], [157, 15555721823235, 1, 4, 0, 0], [158, 15556094894817, 1, 5, 1, 1], [159, 15554545212861, 5, 6, 0, 0], [160, 15544472280147, 5, 5, 1, 1], [161, 15544529675775, 1, 4, 0, 0], [162, 15544515858309, 1, 3, 1, 1], [163, 15544515326868, 2, 4, 0, 0], [164, 15544501509402, 2, 3, 1, 1], [165, 15544501529085, 1, 2, 0, 0], [166, 15544502040843, 1, 3, 1, 1], [167, 15544500977961, 3, 4, 0, 0], [168, 15544487160495, 3, 3, 1, 1], [169, 15544487199861, 1, 2, 0, 0], [170, 15544487180907, 1, 1, 1, 1], [171, 15544487180178, 2, 2, 0, 0], [172, 15544487691936, 2, 3, 1, 1], [173, 15544487711619, 1, 2, 0, 0], [174, 15544488223377, 1, 3, 1, 1], [175, 15544486629054, 4, 4, 0, 0], [176, 15544859700636, 4, 5, 1, 1], [177, 15544902747357, 1, 4, 0, 0], [178, 15544888929891, 1, 3, 1, 1], [179, 15544888398450, 2, 4, 0, 0], [180, 15544874580984, 2, 3, 1, 1], [181, 15544874600667, 1, 2, 0, 0], [182, 15544875112425, 1, 3, 1, 1], [183, 15544874049543, 3, 4, 0, 0], [184, 15545247121125, 3, 5, 1, 1], [185, 15545275818939, 1, 4, 0, 0], [186, 15545262001473, 1, 3, 1, 1], [187, 15545261470032, 2, 4, 0, 0], [188, 15545634541614, 2, 5, 1, 1], [189, 15545648890521, 1, 4, 0, 0], [190, 15546021962103, 1, 5, 1, 1], [191, 15544084859658, 6, 6, 0, 0], [192, 15816054042936, 6, 7, 1, 1], [193, 15868355808951, 1, 6, 0, 0], [194, 15858282876237, 1, 5, 1, 1], [195, 15857895455748, 2, 6, 0, 0], [196, 15847822523034, 2, 5, 1, 1], [197, 15847836871941, 1, 4, 0, 0], [198, 15848209943523, 1, 5, 1, 1], [199, 15847435102545, 3, 6, 0, 0], [200, 15837362169831, 3, 5, 1, 1], [201, 15837390867645, 1, 4, 0, 0], [202, 15837377050179, 1, 3, 1, 1], [203, 15837376518738, 2, 4, 0, 0], [204, 15837749590320, 2, 5, 1, 1], [205, 15837763939227, 1, 4, 0, 0], [206, 15838137010809, 1, 5, 1, 1], [207, 15836974749342, 4, 6, 0, 0], [208, 15826901816628, 4, 5, 1, 1], [209, 15826944863349, 1, 4, 0, 0], [210, 15826931045883, 1, 3, 1, 1], [211, 15826930514442, 2, 4, 0, 0], [212, 15826916696976, 2, 3, 1, 1], [213, 15826916716659, 1, 2, 0, 0], [214, 15826917228417, 1, 3, 1, 1], [215, 15826916165535, 3, 4, 0, 0], [216, 15827289237117, 3, 5, 1, 1], [217, 15827317934931, 1, 4, 0, 0], [218, 15827304117465, 1, 3, 1, 1], [219, 15827303586024, 2, 4, 0, 0], [220, 15827676657606, 2, 5, 1, 1], [221, 15827691006513, 1, 4, 0, 0], [222, 15828064078095, 1, 5, 1, 1], [223, 15826514396139, 5, 6, 0, 0], [224, 16098483579417, 5, 7, 1, 1], [225, 16140324992229, 1, 6, 0, 0], [226, 16130252059515, 1, 5, 1, 1], [227, 16129864639026, 2, 6, 0, 0], [228, 16119791706312, 2, 5, 1, 1], [229, 16119806055219, 1, 4, 0, 0], [230, 16120179126801, 1, 5, 1, 1], [231, 16119404285823, 3, 6, 0, 0], [232, 16109331353109, 3, 5, 1, 1], [233, 16109360050923, 1, 4, 0, 0], [234, 16109346233457, 1, 3, 1, 1], [235, 16109345702016, 2, 4, 0, 0], [236, 16109718773598, 2, 5, 1, 1], [237, 16109733122505, 1, 4, 0, 0], [238, 16110106194087, 1, 5, 1, 1], [239, 16108943932620, 4, 6, 0, 0], [240, 16380913115898, 4, 7, 1, 1], [241, 16412294175507, 1, 6, 0, 0], [242, 16402221242793, 1, 5, 1, 1], [243, 16401833822304, 2, 6, 0, 0], [244, 16391760889590, 2, 5, 1, 1], [245, 16391775238497, 1, 4, 0, 0], [246, 16392148310079, 1, 5, 1, 1], [247, 16391373469101, 3, 6, 0, 0], [248, 16663342652379, 3, 7, 1, 1], [249, 16684263358785, 1, 6, 0, 0], [250, 16674190426071, 1, 5, 1, 1], [251, 16673803005582, 2, 6, 0, 0], [252, 16945772188860, 2, 7, 1, 1], [253, 16956232542063, 1, 6, 0, 0], [254, 17228201725341, 1, 7, 1, 1], [255, 15251194969974, 8, 8, 0, 0], [256, 7908027021468, 8, 7, 1, 1], [257, 7981249493889, 1, 6, 0, 0], [258, 7971176561175, 1, 5, 1, 1], [259, 7970789140686, 2, 6, 0, 0], [260, 7960716207972, 2, 5, 1, 1], [261, 7960730556879, 1, 4, 0, 0], [262, 7961103628461, 1, 5, 1, 1], [263, 7960328787483, 3, 6, 0, 0], [264, 7950255854769, 3, 5, 1, 1], [265, 7950284552583, 1, 4, 0, 0], [266, 7950270735117, 1, 3, 1, 1], [267, 7950270203676, 2, 4, 0, 0], [268, 7950643275258, 2, 5, 1, 1], [269, 7950657624165, 1, 4, 0, 0], [270, 7951030695747, 1, 5, 1, 1], [271, 7949868434280, 4, 6, 0, 0], [272, 7939795501566, 4, 5, 1, 1], [273, 7939838548287, 1, 4, 0, 0], [274, 7939824730821, 1, 3, 1, 1], [275, 7939824199380, 2, 4, 0, 0], [276, 7939810381914, 2, 3, 1, 1], [277, 7939810401597, 1, 2, 0, 0], [278, 7939810913355, 1, 3, 1, 1], [279, 7939809850473, 3, 4, 0, 0], [280, 7940182922055, 3, 5, 1, 1], [281, 7940211619869, 1, 4, 0, 0], [282, 7940197802403, 1, 3, 1, 1], [283, 7940197270962, 2, 4, 0, 0], [284, 7940570342544, 2, 5, 1, 1], [285, 7940584691451, 1, 4, 0, 0], [286, 7940957763033, 1, 5, 1, 1], [287, 7939408081077, 5, 6, 0, 0], [288, 7929335148363, 5, 5, 1, 1], [289, 7929392543991, 1, 4, 0, 0], [290, 7929378726525, 1, 3, 1, 1], [291, 7929378195084, 2, 4, 0, 0], [292, 7929364377618, 2, 3, 1, 1], [293, 7929364397301, 1, 2, 0, 0], [294, 7929364909059, 1, 3, 1, 1], [295, 7929363846177, 3, 4, 0, 0], [296, 7929350028711, 3, 3, 1, 1], [297, 7929350068077, 1, 2, 0, 0], [298, 7929350049123, 1, 1, 1, 1], [299, 7929350048394, 2, 2, 0, 0], [300, 7929350560152, 2, 3, 1, 1], [301, 7929350579835, 1, 2, 0, 0], [302, 7929351091593, 1, 3, 1, 1], [303, 7929349497270, 4, 4, 0, 0], [304, 7929722568852, 4, 5, 1, 1], [305, 7929765615573, 1, 4, 0, 0], [306, 7929751798107, 1, 3, 1, 1], [307, 7929751266666, 2, 4, 0, 0], [308, 7929737449200, 2, 3, 1, 1], [309, 7929737468883, 1, 2, 0, 0], [310, 7929737980641, 1, 3, 1, 1], [311, 7929736917759, 3, 4, 0, 0], [312, 7930109989341, 3, 5, 1, 1], [313, 7930138687155, 1, 4, 0, 0], [314, 7930124869689, 1, 3, 1, 1], [315, 7930124338248, 2, 4, 0, 0], [316, 7930497409830, 2, 5, 1, 1], [317, 7930511758737, 1, 4, 0, 0], [318, 7930884830319, 1, 5, 1, 1], [319, 7928947727874, 6, 6, 0, 0], [320, 7918874795160, 6, 5, 1, 1], [321, 7918946539695, 1, 4, 0, 0], [322, 7918932722229, 1, 3, 1, 1], [323, 7918932190788, 2, 4, 0, 0], [324, 7918918373322, 2, 3, 1, 1], [325, 7918918393005, 1, 2, 0, 0], [326, 7918918904763, 1, 3, 1, 1], [327, 7918917841881, 3, 4, 0, 0], [328, 7918904024415, 3, 3, 1, 1], [329, 7918904063781, 1, 2, 0, 0], [330, 7918904044827, 1, 1, 1, 1], [331, 7918904044098, 2, 2, 0, 0], [332, 7918904555856, 2, 3, 1, 1], [333, 7918904575539, 1, 2, 0, 0], [334, 7918905087297, 1, 3, 1, 1], [335, 7918903492974, 4, 4, 0, 0], [336, 7918889675508, 4, 3, 1, 1], [337, 7918889734557, 1, 2, 0, 0], [338, 7918889715603, 1, 1, 1, 1], [339, 7918889714874, 2, 2, 0, 0], [340, 7918889695920, 2, 1, 1, 1], [341, 7918889695947, 1, 0, 0, 0], [342, 7918889696649, 1, 1, 1, 1], [343, 7918889695191, 3, 2, 0, 0], [344, 7918890206949, 3, 3, 1, 1], [345, 7918890246315, 1, 2, 0, 0], [346, 7918890227361, 1, 1, 1, 1], [347, 7918890226632, 2, 2, 0, 0], [348, 7918890738390, 2, 3, 1, 1], [349, 7918890758073, 1, 2, 0, 0], [350, 7918891269831, 1, 3, 1, 1], [351, 7918889144067, 5, 4, 0, 0], [352, 7919262215649, 5, 5, 1, 1], [353, 7919319611277, 1, 4, 0, 0], [354, 7919305793811, 1, 3, 1, 1], [355, 7919305262370, 2, 4, 0, 0], [356, 7919291444904, 2, 3, 1, 1], [357, 7919291464587, 1, 2, 0, 0], [358, 7919291976345, 1, 3, 1, 1], [359, 7919290913463, 3, 4, 0, 0], [360, 7919277095997, 3, 3, 1, 1], [361, 7919277135363, 1, 2, 0, 0], [362, 7919277116409, 1, 1, 1, 1], [363, 7919277115680, 2, 2, 0, 0], [364, 7919277627438, 2, 3, 1, 1], [365, 7919277647121, 1, 2, 0, 0], [366, 7919278158879, 1, 3, 1, 1], [367, 7919276564556, 4, 4, 0, 0], [368, 7919649636138, 4, 5, 1, 1], [369, 7919692682859, 1, 4, 0, 0], [370, 7919678865393, 1, 3, 1, 1], [371, 7919678333952, 2, 4, 0, 0], [372, 7919664516486, 2, 3, 1, 1], [373, 7919664536169, 1, 2, 0, 0], [374, 7919665047927, 1, 3, 1, 1], [375, 7919663985045, 3, 4, 0, 0], [376, 7920037056627, 3, 5, 1, 1], [377, 7920065754441, 1, 4, 0, 0], [378, 7920051936975, 1, 3, 1, 1], [379, 7920051405534, 2, 4, 0, 0], [380, 7920424477116, 2, 5, 1, 1], [381, 7920438826023, 1, 4, 0, 0], [382, 7920811897605, 1, 5, 1, 1], [383, 7918487374671, 7, 6, 0, 0], [384, 8190456557949, 7, 7, 1, 1], [385, 8253218677167, 1, 6, 0, 0], [386, 8243145744453, 1, 5, 1, 1], [387, 8242758323964, 2, 6, 0, 0], [388, 8232685391250, 2, 5, 1, 1], [389, 8232699740157, 1, 4, 0, 0], [390, 8233072811739, 1, 5, 1, 1], [391, 8232297970761, 3, 6, 0, 0], [392, 8222225038047, 3, 5, 1, 1], [393, 8222253735861, 1, 4, 0, 0], [394, 8222239918395, 1, 3, 1, 1], [395, 8222239386954, 2, 4, 0, 0], [396, 8222612458536, 2, 5, 1, 1], [397, 8222626807443, 1, 4, 0, 0], [398, 8222999879025, 1, 5, 1, 1], [399, 8221837617558, 4, 6, 0, 0], [400, 8211764684844, 4, 5, 1, 1], [401, 8211807731565, 1, 4, 0, 0], [402, 8211793914099, 1, 3, 1, 1], [403, 8211793382658, 2, 4, 0, 0], [404, 8211779565192, 2, 3, 1, 1], [405, 8211779584875, 1, 2, 0, 0], [406, 8211780096633, 1, 3, 1, 1], [407, 8211779033751, 3, 4, 0, 0], [408, 8212152105333, 3, 5, 1, 1], [409, 8212180803147, 1, 4, 0, 0], [410, 8212166985681, 1, 3, 1, 1], [411, 8212166454240, 2, 4, 0, 0], [412, 8212539525822, 2, 5, 1, 1], [413, 8212553874729, 1, 4, 0, 0], [414, 8212926946311, 1, 5, 1, 1], [415, 8211377264355, 5, 6, 0, 0], [416, 8201304331641, 5, 5, 1, 1], [417, 8201361727269, 1, 4, 0, 0], [418, 8201347909803, 1, 3, 1, 1], [419, 8201347378362, 2, 4, 0, 0], [420, 8201333560896, 2, 3, 1, 1], [421, 8201333580579, 1, 2, 0, 0], [422, 8201334092337, 1, 3, 1, 1], [423, 8201333029455, 3, 4, 0, 0], [424, 8201319211989, 3, 3, 1, 1], [425, 8201319251355, 1, 2, 0, 0], [426, 8201319232401, 1, 1, 1, 1], [427, 8201319231672, 2, 2, 0, 0], [428, 8201319743430, 2, 3, 1, 1], [429, 8201319763113, 1, 2, 0, 0], [430, 8201320274871, 1, 3, 1, 1], [431, 8201318680548, 4, 4, 0, 0], [432, 8201691752130, 4, 5, 1, 1], [433, 8201734798851, 1, 4, 0, 0], [434, 8201720981385, 1, 3, 1, 1], [435, 8201720449944, 2, 4, 0, 0], [436, 8201706632478, 2, 3, 1, 1], [437, 8201706652161, 1, 2, 0, 0], [438, 8201707163919, 1, 3, 1, 1], [439, 8201706101037, 3, 4, 0, 0], [440, 8202079172619, 3, 5, 1, 1], [441, 8202107870433, 1, 4, 0, 0], [442, 8202094052967, 1, 3, 1, 1], [443, 8202093521526, 2, 4, 0, 0], [444, 8202466593108, 2, 5, 1, 1], [445, 8202480942015, 1, 4, 0, 0], [446, 8202854013597, 1, 5, 1, 1], [447, 8200916911152, 6, 6, 0, 0], [448, 8472886094430, 6, 7, 1, 1], [449, 8525187860445, 1, 6, 0, 0], [450, 8515114927731, 1, 5, 1, 1], [451, 8514727507242, 2, 6, 0, 0], [452, 8504654574528, 2, 5, 1, 1], [453, 8504668923435, 1, 4, 0, 0], [454, 8505041995017, 1, 5, 1, 1], [455, 8504267154039, 3, 6, 0, 0], [456, 8494194221325, 3, 5, 1, 1], [457, 8494222919139, 1, 4, 0, 0], [458, 8494209101673, 1, 3, 1, 1], [459, 8494208570232, 2, 4, 0, 0], [460, 8494581641814, 2, 5, 1, 1], [461, 8494595990721, 1, 4, 0, 0], [462, 8494969062303, 1, 5, 1, 1], [463, 8493806800836, 4, 6, 0, 0], [464, 8483733868122, 4, 5, 1, 1], [465, 8483776914843, 1, 4, 0, 0], [466, 8483763097377, 1, 3, 1, 1], [467, 8483762565936, 2, 4, 0, 0], [468, 8483748748470, 2, 3, 1, 1], [469, 8483748768153, 1, 2, 0, 0], [470, 8483749279911, 1, 3, 1, 1], [471, 8483748217029, 3, 4, 0, 0], [472, 8484121288611, 3, 5, 1, 1], [473, 8484149986425, 1, 4, 0, 0], [474, 8484136168959, 1, 3, 1, 1], [475, 8484135637518, 2, 4, 0, 0], [476, 8484508709100, 2, 5, 1, 1], [477, 8484523058007, 1, 4, 0, 0], [478, 8484896129589, 1, 5, 1, 1], [479, 8483346447633, 5, 6, 0, 0], [480, 8755315630911, 5, 7, 1, 1], [481, 8797157043723, 1, 6, 0, 0], [482, 8787084111009, 1, 5, 1, 1], [483, 8786696690520, 2, 6, 0, 0], [484, 8776623757806, 2, 5, 1, 1], [485, 8776638106713, 1, 4, 0, 0], [486, 8777011178295, 1, 5, 1, 1], [487, 8776236337317, 3, 6, 0, 0], [488, 8766163404603, 3, 5, 1, 1], [489, 8766192102417, 1, 4, 0, 0], [490, 8766178284951, 1, 3, 1, 1], [491, 8766177753510, 2, 4, 0, 0], [492, 8766550825092, 2, 5, 1, 1], [493, 8766565173999, 1, 4, 0, 0], [494, 8766938245581, 1, 5, 1, 1], [495, 8765775984114, 4, 6, 0, 0], [496, 9037745167392, 4, 7, 1, 1], [497, 9069126227001, 1, 6, 0, 0], [498, 9059053294287, 1, 5, 1, 1], [499, 9058665873798, 2, 6, 0, 0], [500, 9048592941084, 2, 5, 1, 1], [501, 9048607289991, 1, 4, 0, 0], [502, 9048980361573, 1, 5, 1, 1], [503, 9048205520595, 3, 6, 0, 0], [504, 9320174703873, 3, 7, 1, 1], [505, 9341095410279, 1, 6, 0, 0], [506, 9331022477565, 1, 5, 1, 1], [507, 9330635057076, 2, 6, 0, 0], [508, 9602604240354, 2, 7, 1, 1], [509, 9613064593557, 1, 6, 0, 0], [510, 9885033776835, 1, 7, 1, 1], [511, 7625597484987, 9, 8, 0, 0], [512, 7625597484987, 9, 8, 0, 1], [513, 9885033776835, 1, 7, 1, 0], [514, 9613064593557, 1, 6, 0, 1], [515, 9602604240354, 2, 7, 1, 0], [516, 9330635057076, 2, 6, 0, 1], [517, 9331022477565, 1, 5, 1, 0], [518, 9341095410279, 1, 6, 0, 1], [519, 9320174703873, 3, 7, 1, 0], [520, 9048205520595, 3, 6, 0, 1], [521, 9048980361573, 1, 5, 1, 0], [522, 9048607289991, 1, 4, 0, 1], [523, 9048592941084, 2, 5, 1, 0], [524, 9058665873798, 2, 6, 0, 1], [525, 9059053294287, 1, 5, 1, 0], [526, 9069126227001, 1, 6, 0, 1], [527, 9037745167392, 4, 7, 1, 0], [528, 8765775984114, 4, 6, 0, 1], [529, 8766938245581, 1, 5, 1, 0], [530, 8766565173999, 1, 4, 0, 1], [531, 8766550825092, 2, 5, 1, 0], [532, 8766177753510, 2, 4, 0, 1], [533, 8766178284951, 1, 3, 1, 0], [534, 8766192102417, 1, 4, 0, 1], [535, 8766163404603, 3, 5, 1, 0], [536, 8776236337317, 3, 6, 0, 1], [537, 8777011178295, 1, 5, 1, 0], [538, 8776638106713, 1, 4, 0, 1], [539, 8776623757806, 2, 5, 1, 0], [540, 8786696690520, 2, 6, 0, 1], [541, 8787084111009, 1, 5, 1, 0], [542, 8797157043723, 1, 6, 0, 1], [543, 8755315630911, 5, 7, 1, 0], [544, 8483346447633, 5, 6, 0, 1], [545, 8484896129589, 1, 5, 1, 0], [546, 8484523058007, 1, 4, 0, 1], [547, 8484508709100, 2, 5, 1, 0], [548, 8484135637518, 2, 4, 0, 1], [549, 8484136168959, 1, 3, 1, 0], [550, 8484149986425, 1, 4, 0, 1], [551, 8484121288611, 3, 5, 1, 0], [552, 8483748217029, 3, 4, 0, 1], [553, 8483749279911, 1, 3, 1, 0], [554, 8483748768153, 1, 2, 0, 1], [555, 8483748748470, 2, 3, 1, 0], [556, 8483762565936, 2, 4, 0, 1], [557, 8483763097377, 1, 3, 1, 0], [558, 8483776914843, 1, 4, 0, 1], [559, 8483733868122, 4, 5, 1, 0], [560, 8493806800836, 4, 6, 0, 1], [561, 8494969062303, 1, 5, 1, 0], [562, 8494595990721, 1, 4, 0, 1], [563, 8494581641814, 2, 5, 1, 0], [564, 8494208570232, 2, 4, 0, 1], [565, 8494209101673, 1, 3, 1, 0], [566, 8494222919139, 1, 4, 0, 1], [567, 8494194221325, 3, 5, 1, 0], [568, 8504267154039, 3, 6, 0, 1], [569, 8505041995017, 1, 5, 1, 0], [570, 8504668923435, 1, 4, 0, 1], [571, 8504654574528, 2, 5, 1, 0], [572, 8514727507242, 2, 6, 0, 1], [573, 8515114927731, 1, 5, 1, 0], [574, 8525187860445, 1, 6, 0, 1], [575, 8472886094430, 6, 7, 1, 0], [576, 8200916911152, 6, 6, 0, 1], [577, 8202854013597, 1, 5, 1, 0], [578, 8202480942015, 1, 4, 0, 1], [579, 8202466593108, 2, 5, 1, 0], [580, 8202093521526, 2, 4, 0, 1], [581, 8202094052967, 1, 3, 1, 0], [582, 8202107870433, 1, 4, 0, 1], [583, 8202079172619, 3, 5, 1, 0], [584, 8201706101037, 3, 4, 0, 1], [585, 8201707163919, 1, 3, 1, 0], [586, 8201706652161, 1, 2, 0, 1], [587, 8201706632478, 2, 3, 1, 0], [588, 8201720449944, 2, 4, 0, 1], [589, 8201720981385, 1, 3, 1, 0], [590, 8201734798851, 1, 4, 0, 1], [591, 8201691752130, 4, 5, 1, 0], [592, 8201318680548, 4, 4, 0, 1], [593, 8201320274871, 1, 3, 1, 0], [594, 8201319763113, 1, 2, 0, 1], [595, 8201319743430, 2, 3, 1, 0], [596, 8201319231672, 2, 2, 0, 1], [597, 8201319232401, 1, 1, 1, 0], [598, 8201319251355, 1, 2, 0, 1], [599, 8201319211989, 3, 3, 1, 0], [600, 8201333029455, 3, 4, 0, 1], [601, 8201334092337, 1, 3, 1, 0], [602, 8201333580579, 1, 2, 0, 1], [603, 8201333560896, 2, 3, 1, 0], [604, 8201347378362, 2, 4, 0, 1], [605, 8201347909803, 1, 3, 1, 0], [606, 8201361727269, 1, 4, 0, 1], [607, 8201304331641, 5, 5, 1, 0], [608, 8211377264355, 5, 6, 0, 1], [609, 8212926946311, 1, 5, 1, 0], [610, 8212553874729, 1, 4, 0, 1], [611, 8212539525822, 2, 5, 1, 0], [612, 8212166454240, 2, 4, 0, 1], [613, 8212166985681, 1, 3, 1, 0], [614, 8212180803147, 1, 4, 0, 1], [615, 8212152105333, 3, 5, 1, 0], [616, 8211779033751, 3, 4, 0, 1], [617, 8211780096633, 1, 3, 1, 0], [618, 8211779584875, 1, 2, 0, 1], [619, 8211779565192, 2, 3, 1, 0], [620, 8211793382658, 2, 4, 0, 1], [621, 8211793914099, 1, 3, 1, 0], [622, 8211807731565, 1, 4, 0, 1], [623, 8211764684844, 4, 5, 1, 0], [624, 8221837617558, 4, 6, 0, 1], [625, 8222999879025, 1, 5, 1, 0], [626, 8222626807443, 1, 4, 0, 1], [627, 8222612458536, 2, 5, 1, 0], [628, 8222239386954, 2, 4, 0, 1], [629, 8222239918395, 1, 3, 1, 0], [630, 8222253735861, 1, 4, 0, 1], [631, 8222225038047, 3, 5, 1, 0], [632, 8232297970761, 3, 6, 0, 1], [633, 8233072811739, 1, 5, 1, 0], [634, 8232699740157, 1, 4, 0, 1], [635, 8232685391250, 2, 5, 1, 0], [636, 8242758323964, 2, 6, 0, 1], [637, 8243145744453, 1, 5, 1, 0], [638, 8253218677167, 1, 6, 0, 1], [639, 8190456557949, 7, 7, 1, 0], [640, 7918487374671, 7, 6, 0, 1], [641, 7920811897605, 1, 5, 1, 0], [642, 7920438826023, 1, 4, 0, 1], [643, 7920424477116, 2, 5, 1, 0], [644, 7920051405534, 2, 4, 0, 1], [645, 7920051936975, 1, 3, 1, 0], [646, 7920065754441, 1, 4, 0, 1], [647, 7920037056627, 3, 5, 1, 0], [648, 7919663985045, 3, 4, 0, 1], [649, 7919665047927, 1, 3, 1, 0], [650, 7919664536169, 1, 2, 0, 1], [651, 7919664516486, 2, 3, 1, 0], [652, 7919678333952, 2, 4, 0, 1], [653, 7919678865393, 1, 3, 1, 0], [654, 7919692682859, 1, 4, 0, 1], [655, 7919649636138, 4, 5, 1, 0], [656, 7919276564556, 4, 4, 0, 1], [657, 7919278158879, 1, 3, 1, 0], [658, 7919277647121, 1, 2, 0, 1], [659, 7919277627438, 2, 3, 1, 0], [660, 7919277115680, 2, 2, 0, 1], [661, 7919277116409, 1, 1, 1, 0], [662, 7919277135363, 1, 2, 0, 1], [663, 7919277095997, 3, 3, 1, 0], [664, 7919290913463, 3, 4, 0, 1], [665, 7919291976345, 1, 3, 1, 0], [666, 7919291464587, 1, 2, 0, 1], [667, 7919291444904, 2, 3, 1, 0], [668, 7919305262370, 2, 4, 0, 1], [669, 7919305793811, 1, 3, 1, 0], [670, 7919319611277, 1, 4, 0, 1], [671, 7919262215649, 5, 5, 1, 0], [672, 7918889144067, 5, 4, 0, 1], [673, 7918891269831, 1, 3, 1, 0], [674, 7918890758073, 1, 2, 0, 1], [675, 7918890738390, 2, 3, 1, 0], [676, 7918890226632, 2, 2, 0, 1], [677, 7918890227361, 1, 1, 1, 0], [678, 7918890246315, 1, 2, 0, 1], [679, 7918890206949, 3, 3, 1, 0], [680, 7918889695191, 3, 2, 0, 1], [681, 7918889696649, 1, 1, 1, 0], [682, 7918889695947, 1, 0, 0, 1], [683, 7918889695920, 2, 1, 1, 0], [684, 7918889714874, 2, 2, 0, 1], [685, 7918889715603, 1, 1, 1, 0], [686, 7918889734557, 1, 2, 0, 1], [687, 7918889675508, 4, 3, 1, 0], [688, 7918903492974, 4, 4, 0, 1], [689, 7918905087297, 1, 3, 1, 0], [690, 7918904575539, 1, 2, 0, 1], [691, 7918904555856, 2, 3, 1, 0], [692, 7918904044098, 2, 2, 0, 1], [693, 7918904044827, 1, 1, 1, 0], [694, 7918904063781, 1, 2, 0, 1], [695, 7918904024415, 3, 3, 1, 0], [696, 7918917841881, 3, 4, 0, 1], [697, 7918918904763, 1, 3, 1, 0], [698, 7918918393005, 1, 2, 0, 1], [699, 7918918373322, 2, 3, 1, 0], [700, 7918932190788, 2, 4, 0, 1], [701, 7918932722229, 1, 3, 1, 0], [702, 7918946539695, 1, 4, 0, 1], [703, 7918874795160, 6, 5, 1, 0], [704, 7928947727874, 6, 6, 0, 1], [705, 7930884830319, 1, 5, 1, 0], [706, 7930511758737, 1, 4, 0, 1], [707, 7930497409830, 2, 5, 1, 0], [708, 7930124338248, 2, 4, 0, 1], [709, 7930124869689, 1, 3, 1, 0], [710, 7930138687155, 1, 4, 0, 1], [711, 7930109989341, 3, 5, 1, 0], [712, 7929736917759, 3, 4, 0, 1], [713, 7929737980641, 1, 3, 1, 0], [714, 7929737468883, 1, 2, 0, 1], [715, 7929737449200, 2, 3, 1, 0], [716, 7929751266666, 2, 4, 0, 1], [717, 7929751798107, 1, 3, 1, 0], [718, 7929765615573, 1, 4, 0, 1], [719, 7929722568852, 4, 5, 1, 0], [720, 7929349497270, 4, 4, 0, 1], [721, 7929351091593, 1, 3, 1, 0], [722, 7929350579835, 1, 2, 0, 1], [723, 7929350560152, 2, 3, 1, 0], [724, 7929350048394, 2, 2, 0, 1], [725, 7929350049123, 1, 1, 1, 0], [726, 7929350068077, 1, 2, 0, 1], [727, 7929350028711, 3, 3, 1, 0], [728, 7929363846177, 3, 4, 0, 1], [729, 7929364909059, 1, 3, 1, 0], [730, 7929364397301, 1, 2, 0, 1], [731, 7929364377618, 2, 3, 1, 0], [732, 7929378195084, 2, 4, 0, 1], [733, 7929378726525, 1, 3, 1, 0], [734, 7929392543991, 1, 4, 0, 1], [735, 7929335148363, 5, 5, 1, 0], [736, 7939408081077, 5, 6, 0, 1], [737, 7940957763033, 1, 5, 1, 0], [738, 7940584691451, 1, 4, 0, 1], [739, 7940570342544, 2, 5, 1, 0], [740, 7940197270962, 2, 4, 0, 1], [741, 7940197802403, 1, 3, 1, 0], [742, 7940211619869, 1, 4, 0, 1], [743, 7940182922055, 3, 5, 1, 0], [744, 7939809850473, 3, 4, 0, 1], [745, 7939810913355, 1, 3, 1, 0], [746, 7939810401597, 1, 2, 0, 1], [747, 7939810381914, 2, 3, 1, 0], [748, 7939824199380, 2, 4, 0, 1], [749, 7939824730821, 1, 3, 1, 0], [750, 7939838548287, 1, 4, 0, 1], [751, 7939795501566, 4, 5, 1, 0], [752, 7949868434280, 4, 6, 0, 1], [753, 7951030695747, 1, 5, 1, 0], [754, 7950657624165, 1, 4, 0, 1], [755, 7950643275258, 2, 5, 1, 0], [756, 7950270203676, 2, 4, 0, 1], [757, 7950270735117, 1, 3, 1, 0], [758, 7950284552583, 1, 4, 0, 1], [759, 7950255854769, 3, 5, 1, 0], [760, 7960328787483, 3, 6, 0, 1], [761, 7961103628461, 1, 5, 1, 0], [762, 7960730556879, 1, 4, 0, 1], [763, 7960716207972, 2, 5, 1, 0], [764, 7970789140686, 2, 6, 0, 1], [765, 7971176561175, 1, 5, 1, 0], [766, 7981249493889, 1, 6, 0, 1], [767, 7908027021468, 8, 7, 1, 0], [768, 15251194969974, 8, 8, 0, 1], [769, 17228201725341, 1, 7, 1, 0], [770, 16956232542063, 1, 6, 0, 1], [771, 16945772188860, 2, 7, 1, 0], [772, 16673803005582, 2, 6, 0, 1], [773, 16674190426071, 1, 5, 1, 0], [774, 16684263358785, 1, 6, 0, 1], [775, 16663342652379, 3, 7, 1, 0], [776, 16391373469101, 3, 6, 0, 1], [777, 16392148310079, 1, 5, 1, 0], [778, 16391775238497, 1, 4, 0, 1], [779, 16391760889590, 2, 5, 1, 0], [780, 16401833822304, 2, 6, 0, 1], [781, 16402221242793, 1, 5, 1, 0], [782, 16412294175507, 1, 6, 0, 1], [783, 16380913115898, 4, 7, 1, 0], [784, 16108943932620, 4, 6, 0, 1], [785, 16110106194087, 1, 5, 1, 0], [786, 16109733122505, 1, 4, 0, 1], [787, 16109718773598, 2, 5, 1, 0], [788, 16109345702016, 2, 4, 0, 1], [789, 16109346233457, 1, 3, 1, 0], [790, 16109360050923, 1, 4, 0, 1], [791, 16109331353109, 3, 5, 1, 0], [792, 16119404285823, 3, 6, 0, 1], [793, 16120179126801, 1, 5, 1, 0], [794, 16119806055219, 1, 4, 0, 1], [795, 16119791706312, 2, 5, 1, 0], [796, 16129864639026, 2, 6, 0, 1], [797, 16130252059515, 1, 5, 1, 0], [798, 16140324992229, 1, 6, 0, 1], [799, 16098483579417, 5, 7, 1, 0], [800, 15826514396139, 5, 6, 0, 1], [801, 15828064078095, 1, 5, 1, 0], [802, 15827691006513, 1, 4, 0, 1], [803, 15827676657606, 2, 5, 1, 0], [804, 15827303586024, 2, 4, 0, 1], [805, 15827304117465, 1, 3, 1, 0], [806, 15827317934931, 1, 4, 0, 1], [807, 15827289237117, 3, 5, 1, 0], [808, 15826916165535, 3, 4, 0, 1], [809, 15826917228417, 1, 3, 1, 0], [810, 15826916716659, 1, 2, 0, 1], [811, 15826916696976, 2, 3, 1, 0], [812, 15826930514442, 2, 4, 0, 1], [813, 15826931045883, 1, 3, 1, 0], [814, 15826944863349, 1, 4, 0, 1], [815, 15826901816628, 4, 5, 1, 0], [816, 15836974749342, 4, 6, 0, 1], [817, 15838137010809, 1, 5, 1, 0], [818, 15837763939227, 1, 4, 0, 1], [819, 15837749590320, 2, 5, 1, 0], [820, 15837376518738, 2, 4, 0, 1], [821, 15837377050179, 1, 3, 1, 0], [822, 15837390867645, 1, 4, 0, 1], [823, 15837362169831, 3, 5, 1, 0], [824, 15847435102545, 3, 6, 0, 1], [825, 15848209943523, 1, 5, 1, 0], [826, 15847836871941, 1, 4, 0, 1], [827, 15847822523034, 2, 5, 1, 0], [828, 15857895455748, 2, 6, 0, 1], [829, 15858282876237, 1, 5, 1, 0], [830, 15868355808951, 1, 6, 0, 1], [831, 15816054042936, 6, 7, 1, 0], [832, 15544084859658, 6, 6, 0, 1], [833, 15546021962103, 1, 5, 1, 0], [834, 15545648890521, 1, 4, 0, 1], [835, 15545634541614, 2, 5, 1, 0], [836, 15545261470032, 2, 4, 0, 1], [837, 15545262001473, 1, 3, 1, 0], [838, 15545275818939, 1, 4, 0, 1], [839, 15545247121125, 3, 5, 1, 0], [840, 15544874049543, 3, 4, 0, 1], [841, 15544875112425, 1, 3, 1, 0], [842, 15544874600667, 1, 2, 0, 1], [843, 15544874580984, 2, 3, 1, 0], [844, 15544888398450, 2, 4, 0, 1], [845, 15544888929891, 1, 3, 1, 0], [846, 15544902747357, 1, 4, 0, 1], [847, 15544859700636, 4, 5, 1, 0], [848, 15544486629054, 4, 4, 0, 1], [849, 15544488223377, 1, 3, 1, 0], [850, 15544487711619, 1, 2, 0, 1], [851, 15544487691936, 2, 3, 1, 0], [852, 15544487180178, 2, 2, 0, 1], [853, 15544487180907, 1, 1, 1, 0], [854, 15544487199861, 1, 2, 0, 1], [855, 15544487160495, 3, 3, 1, 0], [856, 15544500977961, 3, 4, 0, 1], [857, 15544502040843, 1, 3, 1, 0], [858, 15544501529085, 1, 2, 0, 1], [859, 15544501509402, 2, 3, 1, 0], [860, 15544515326868, 2, 4, 0, 1], [861, 15544515858309, 1, 3, 1, 0], [862, 15544529675775, 1, 4, 0, 1], [863, 15544472280147, 5, 5, 1, 0], [864, 15554545212861, 5, 6, 0, 1], [865, 15556094894817, 1, 5, 1, 0], [866, 15555721823235, 1, 4, 0, 1], [867, 15555707474328, 2, 5, 1, 0], [868, 15555334402746, 2, 4, 0, 1], [869, 15555334934187, 1, 3, 1, 0], [870, 15555348751653, 1, 4, 0, 1], [871, 15555320053839, 3, 5, 1, 0], [872, 15554946982257, 3, 4, 0, 1], [873, 15554948045139, 1, 3, 1, 0], [874, 15554947533381, 1, 2, 0, 1], [875, 15554947513698, 2, 3, 1, 0], [876, 15554961331164, 2, 4, 0, 1], [877, 15554961862605, 1, 3, 1, 0], [878, 15554975680071, 1, 4, 0, 1], [879, 15554932633350, 4, 5, 1, 0], [880, 15565005566064, 4, 6, 0, 1], [881, 15566167827531, 1, 5, 1, 0], [882, 15565794755949, 1, 4, 0, 1], [883, 15565780407042, 2, 5, 1, 0], [884, 15565407335460, 2, 4, 0, 1], [885, 15565407866901, 1, 3, 1, 0], [886, 15565421684367, 1, 4, 0, 1], [887, 15565392986553, 3, 5, 1, 0], [888, 15575465919267, 3, 6, 0, 1], [889, 15576240760245, 1, 5, 1, 0], [890, 15575867688663, 1, 4, 0, 1], [891, 15575853339756, 2, 5, 1, 0], [892, 15585926272470, 2, 6, 0, 1], [893, 15586313692959, 1, 5, 1, 0], [894, 15596386625673, 1, 6, 0, 1], [895, 15533624506455, 7, 7, 1, 0], [896, 22876792454961, 7, 8, 0, 1], [897, 24571369673847, 1, 7, 1, 0], [898, 24299400490569, 1, 6, 0, 1], [899, 24288940137366, 2, 7, 1, 0], [900, 24016970954088, 2, 6, 0, 1], [901, 24017358374577, 1, 5, 1, 0], [902, 24027431307291, 1, 6, 0, 1], [903, 24006510600885, 3, 7, 1, 0], [904, 23734541417607, 3, 6, 0, 1], [905, 23735316258585, 1, 5, 1, 0], [906, 23734943187003, 1, 4, 0, 1], [907, 23734928838096, 2, 5, 1, 0], [908, 23745001770810, 2, 6, 0, 1], [909, 23745389191299, 1, 5, 1, 0], [910, 23755462124013, 1, 6, 0, 1], [911, 23724081064404, 4, 7, 1, 0], [912, 23452111881126, 4, 6, 0, 1], [913, 23453274142593, 1, 5, 1, 0], [914, 23452901071011, 1, 4, 0, 1], [915, 23452886722104, 2, 5, 1, 0], [916, 23452513650522, 2, 4, 0, 1], [917, 23452514181963, 1, 3, 1, 0], [918, 23452527999429, 1, 4, 0, 1], [919, 23452499301615, 3, 5, 1, 0], [920, 23462572234329, 3, 6, 0, 1], [921, 23463347075307, 1, 5, 1, 0], [922, 23462974003725, 1, 4, 0, 1], [923, 23462959654818, 2, 5, 1, 0], [924, 23473032587532, 2, 6, 0, 1], [925, 23473420008021, 1, 5, 1, 0], [926, 23483492940735, 1, 6, 0, 1], [927, 23441651527923, 5, 7, 1, 0], [928, 23169682344645, 5, 6, 0, 1], [929, 23171232026601, 1, 5, 1, 0], [930, 23170858955019, 1, 4, 0, 1], [931, 23170844606112, 2, 5, 1, 0], [932, 23170471534530, 2, 4, 0, 1], [933, 23170472065971, 1, 3, 1, 0], [934, 23170485883437, 1, 4, 0, 1], [935, 23170457185623, 3, 5, 1, 0], [936, 23170084114041, 3, 4, 0, 1], [937, 23170085176923, 1, 3, 1, 0], [938, 23170084665165, 1, 2, 0, 1], [939, 23170084645482, 2, 3, 1, 0], [940, 23170098462948, 2, 4, 0, 1], [941, 23170098994389, 1, 3, 1, 0], [942, 23170112811855, 1, 4, 0, 1], [943, 23170069765134, 4, 5, 1, 0], [944, 23180142697848, 4, 6, 0, 1], [945, 23181304959315, 1, 5, 1, 0], [946, 23180931887733, 1, 4, 0, 1], [947, 23180917538826, 2, 5, 1, 0], [948, 23180544467244, 2, 4, 0, 1], [949, 23180544998685, 1, 3, 1, 0], [950, 23180558816151, 1, 4, 0, 1], [951, 23180530118337, 3, 5, 1, 0], [952, 23190603051051, 3, 6, 0, 1], [953, 23191377892029, 1, 5, 1, 0], [954, 23191004820447, 1, 4, 0, 1], [955, 23190990471540, 2, 5, 1, 0], [956, 23201063404254, 2, 6, 0, 1], [957, 23201450824743, 1, 5, 1, 0], [958, 23211523757457, 1, 6, 0, 1], [959, 23159221991442, 6, 7, 1, 0], [960, 30502389939948, 6, 8, 0, 1], [961, 31914537622353, 1, 7, 1, 0], [962, 31642568439075, 1, 6, 0, 1], [963, 31632108085872, 2, 7, 1, 0], [964, 31360138902594, 2, 6, 0, 1], [965, 31360526323083, 1, 5, 1, 0], [966, 31370599255797, 1, 6, 0, 1], [967, 31349678549391, 3, 7, 1, 0], [968, 31077709366113, 3, 6, 0, 1], [969, 31078484207091, 1, 5, 1, 0], [970, 31078111135509, 1, 4, 0, 1], [971, 31078096786602, 2, 5, 1, 0], [972, 31088169719316, 2, 6, 0, 1], [973, 31088557139805, 1, 5, 1, 0], [974, 31098630072519, 1, 6, 0, 1], [975, 31067249012910, 4, 7, 1, 0], [976, 30795279829632, 4, 6, 0, 1], [977, 30796442091099, 1, 5, 1, 0], [978, 30796069019517, 1, 4, 0, 1], [979, 30796054670610, 2, 5, 1, 0], [980, 30795681599028, 2, 4, 0, 1], [981, 30795682130469, 1, 3, 1, 0], [982, 30795695947935, 1, 4, 0, 1], [983, 30795667250121, 3, 5, 1, 0], [984, 30805740182835, 3, 6, 0, 1], [985, 30806515023813, 1, 5, 1, 0], [986, 30806141952231, 1, 4, 0, 1], [987, 30806127603324, 2, 5, 1, 0], [988, 30816200536038, 2, 6, 0, 1], [989, 30816587956527, 1, 5, 1, 0], [990, 30826660889241, 1, 6, 0, 1], [991, 30784819476429, 5, 7, 1, 0], [992, 38127987424935, 5, 8, 0, 1], [993, 39257705570859, 1, 7, 1, 0], [994, 38985736387581, 1, 6, 0, 1], [995, 38975276034378, 2, 7, 1, 0], [996, 38703306851100, 2, 6, 0, 1], [997, 38703694271589, 1, 5, 1, 0], [998, 38713767204303, 1, 6, 0, 1], [999, 38692846497897, 3, 7, 1, 0], [1000, 38420877314619, 3, 6, 0, 1], [1001, 38421652155597, 1, 5, 1, 0], [1002, 38421279084015, 1, 4, 0, 1], [1003, 38421264735108, 2, 5, 1, 0], [1004, 38431337667822, 2, 6, 0, 1], [1005, 38431725088311, 1, 5, 1, 0], [1006, 38441798021025, 1, 6, 0, 1], [1007, 38410416961416, 4, 7, 1, 0], [1008, 45753584909922, 4, 8, 0, 1], [1009, 46600873519365, 1, 7, 1, 0], [1010, 46328904336087, 1, 6, 0, 1], [1011, 46318443982884, 2, 7, 1, 0], [1012, 46046474799606, 2, 6, 0, 1], [1013, 46046862220095, 1, 5, 1, 0], [1014, 46056935152809, 1, 6, 0, 1], [1015, 46036014446403, 3, 7, 1, 0], [1016, 53379182394909, 3, 8, 0, 1], [1017, 53944041467871, 1, 7, 1, 0], [1018, 53672072284593, 1, 6, 0, 1], [1019, 53661611931390, 2, 7, 1, 0], [1020, 61004779879896, 2, 8, 0, 1], [1021, 61287209416377, 1, 7, 1, 0], [1022, 68630377364883, 1, 8, 0, 1], [1023, 0, 10, 9, 1, 0]]

=== B = 1080 ===

POWERS_OF_B:
[[0, 1], [1, 1080], [2, 1166400], [3, 1259712000], [4, 1360488960000], [5, 1469328076800000], [6, 1586874322944000000], [7, 1713824268779520000000], [8, 1850930210281881600000000], [9, 1999004627104432128000000000]]

PIXELS_AND_BLOCKS:
[[0, 0, 10, 9, 1, 1], [1, 17991041643939889152000000000, 1, 8, 0, 0], [2, 15993887947045738905600000000, 1, 7, 1, 1], [3, 15992037016835457024000000000, 2, 8, 0, 0], [4, 13994883319941306777600000000, 2, 7, 1, 1], [5, 13994885033765575557120000000, 1, 6, 0, 0], [6, 13996734250151588659200000000, 1, 7, 1, 1], [7, 13993032389731024896000000000, 3, 8, 0, 0], [8, 11995878692836874649600000000, 3, 7, 1, 1], [9, 11995882120485412208640000000, 1, 6, 0, 0], [10, 11995880408248017752064000000, 1, 5, 1, 1], [11, 11995880406661143429120000000, 2, 6, 0, 0], [12, 11997729623047156531200000000, 2, 7, 1, 1], [13, 11997731336871425310720000000, 1, 6, 0, 0], [14, 11999580553257438412800000000, 1, 7, 1, 1], [15, 11994027762626592768000000000, 4, 8, 0, 0], [16, 9996874065732442521600000000, 4, 7, 1, 1], [17, 9996879207205248860160000000, 1, 6, 0, 0], [18, 9996877494967854403584000000, 1, 5, 1, 1], [19, 9996877493380980080640000000, 2, 6, 0, 0], [20, 9996875781143585624064000000, 2, 5, 1, 1], [21, 9996875781145054952140800000, 1, 4, 0, 0], [22, 9996875782730459947008000000, 1, 5, 1, 1], [23, 9996875779556711301120000000, 3, 6, 0, 0], [24, 9998724995942724403200000000, 3, 7, 1, 1], [25, 9998728423591261962240000000, 1, 6, 0, 0], [26, 9998726711353867505664000000, 1, 5, 1, 1], [27, 9998726709766993182720000000, 2, 6, 0, 0], [28, 10000575926153006284800000000, 2, 7, 1, 1], [29, 10000577639977275064320000000, 1, 6, 0, 0], [30, 10002426856363288166400000000, 1, 7, 1, 1], [31, 9995023135522160640000000000, 5, 8, 0, 0], [32, 7997869438628010393600000000, 5, 7, 1, 1], [33, 7997876293925085511680000000, 1, 6, 0, 0], [34, 7997874581687691055104000000, 1, 5, 1, 1], [35, 7997874580100816732160000000, 2, 6, 0, 0], [36, 7997872867863422275584000000, 2, 5, 1, 1], [37, 7997872867864891603660800000, 1, 4, 0, 0], [38, 7997872869450296598528000000, 1, 5, 1, 1], [39, 7997872866276547952640000000, 3, 6, 0, 0], [40, 7997871154039153496064000000, 3, 5, 1, 1], [41, 7997871154042092152217600000, 1, 4, 0, 0], [42, 7997871154040624184629760000, 1, 3, 1, 1], [43, 7997871154040622824140800000, 2, 4, 0, 0], [44, 7997871155626027819008000000, 2, 5, 1, 1], [45, 7997871155627497147084800000, 1, 4, 0, 0], [46, 7997871157212902141952000000, 1, 5, 1, 1], [47, 7997871152452279173120000000, 4, 6, 0, 0], [48, 7999720368838292275200000000, 4, 7, 1, 1], [49, 7999725510311098613760000000, 1, 6, 0, 0], [50, 7999723798073704157184000000, 1, 5, 1, 1], [51, 7999723796486829834240000000, 2, 6, 0, 0], [52, 7999722084249435377664000000, 2, 5, 1, 1], [53, 7999722084250904705740800000, 1, 4, 0, 0], [54, 7999722085836309700608000000, 1, 5, 1, 1], [55, 7999722082662561054720000000, 3, 6, 0, 0], [56, 8001571299048574156800000000, 3, 7, 1, 1], [57, 8001574726697111715840000000, 1, 6, 0, 0], [58, 8001573014459717259264000000, 1, 5, 1, 1], [59, 8001573012872842936320000000, 2, 6, 0, 0], [60, 8003422229258856038400000000, 2, 7, 1, 1], [61, 8003423943083124817920000000, 1, 6, 0, 0], [62, 8005273159469137920000000000, 1, 7, 1, 1], [63, 7996018508417728512000000000, 6, 8, 0, 0], [64, 5998864811523578265600000000, 6, 7, 1, 1], [65, 5998873380644922163200000000, 1, 6, 0, 0], [66, 5998871668407527706624000000, 1, 5, 1, 1], [67, 5998871666820653383680000000, 2, 6, 0, 0], [68, 5998869954583258927104000000, 2, 5, 1, 1], [69, 5998869954584728255180800000, 1, 4, 0, 0], [70, 5998869956170133250048000000, 1, 5, 1, 1], [71, 5998869952996384604160000000, 3, 6, 0, 0], [72, 5998868240758990147584000000, 3, 5, 1, 1], [73, 5998868240761928803737600000, 1, 4, 0, 0], [74, 5998868240760460836149760000, 1, 3, 1, 1], [75, 5998868240760459475660800000, 2, 4, 0, 0], [76, 5998868242345864470528000000, 2, 5, 1, 1], [77, 5998868242347333798604800000, 1, 4, 0, 0], [78, 5998868243932738793472000000, 1, 5, 1, 1], [79, 5998868239172115824640000000, 4, 6, 0, 0], [80, 5998866526934721368064000000, 4, 5, 1, 1], [81, 5998866526939129352294400000, 1, 4, 0, 0], [82, 5998866526937661384706560000, 1, 3, 1, 1], [83, 5998866526937660024217600000, 2, 4, 0, 0], [84, 5998866526936192056629760000, 2, 3, 1, 1], [85, 5998866526936192057889472000, 1, 2, 0, 0], [86, 5998866526936193417118720000, 1, 3, 1, 1], [87, 5998866526936190696140800000, 3, 4, 0, 0], [88, 5998866528521595691008000000, 3, 5, 1, 1], [89, 5998866528524534347161600000, 1, 4, 0, 0], [90, 5998866528523066379573760000, 1, 3, 1, 1], [91, 5998866528523065019084800000, 2, 4, 0, 0], [92, 5998866530108470013952000000, 2, 5, 1, 1], [93, 5998866530109939342028800000, 1, 4, 0, 0], [94, 5998866531695344336896000000, 1, 5, 1, 1], [95, 5998866525347847045120000000, 5, 6, 0, 0], [96, 6000715741733860147200000000, 5, 7, 1, 1], [97, 6000722597030935265280000000, 1, 6, 0, 0], [98, 6000720884793540808704000000, 1, 5, 1, 1], [99, 6000720883206666485760000000, 2, 6, 0, 0], [100, 6000719170969272029184000000, 2, 5, 1, 1], [101, 6000719170970741357260800000, 1, 4, 0, 0], [102, 6000719172556146352128000000, 1, 5, 1, 1], [103, 6000719169382397706240000000, 3, 6, 0, 0], [104, 6000717457145003249664000000, 3, 5, 1, 1], [105, 6000717457147941905817600000, 1, 4, 0, 0], [106, 6000717457146473938229760000, 1, 3, 1, 1], [107, 6000717457146472577740800000, 2, 4, 0, 0], [108, 6000717458731877572608000000, 2, 5, 1, 1], [109, 6000717458733346900684800000, 1, 4, 0, 0], [110, 6000717460318751895552000000, 1, 5, 1, 1], [111, 6000717455558128926720000000, 4, 6, 0, 0], [112, 6002566671944142028800000000, 4, 7, 1, 1], [113, 6002571813416948367360000000, 1, 6, 0, 0], [114, 6002570101179553910784000000, 1, 5, 1, 1], [115, 6002570099592679587840000000, 2, 6, 0, 0], [116, 6002568387355285131264000000, 2, 5, 1, 1], [117, 6002568387356754459340800000, 1, 4, 0, 0], [118, 6002568388942159454208000000, 1, 5, 1, 1], [119, 6002568385768410808320000000, 3, 6, 0, 0], [120, 6004417602154423910400000000, 3, 7, 1, 1], [121, 6004421029802961469440000000, 1, 6, 0, 0], [122, 6004419317565567012864000000, 1, 5, 1, 1], [123, 6004419315978692689920000000, 2, 6, 0, 0], [124, 6006268532364705792000000000, 2, 7, 1, 1], [125, 6006270246188974571520000000, 1, 6, 0, 0], [126, 6008119462574987673600000000, 1, 7, 1, 1], [127, 5997013881313296384000000000, 7, 8, 0, 0], [128, 3999860184419146137600000000, 7, 7, 1, 1], [129, 3999870467364758814720000000, 1, 6, 0, 0], [130, 3999868755127364358144000000, 1, 5, 1, 1], [131, 3999868753540490035200000000, 2, 6, 0, 0], [132, 3999867041303095578624000000, 2, 5, 1, 1], [133, 3999867041304564906700800000, 1, 4, 0, 0], [134, 3999867042889969901568000000, 1, 5, 1, 1], [135, 3999867039716221255680000000, 3, 6, 0, 0], [136, 3999865327478826799104000000, 3, 5, 1, 1], [137, 3999865327481765455257600000, 1, 4, 0, 0], [138, 3999865327480297487669760000, 1, 3, 1, 1], [139, 3999865327480296127180800000, 2, 4, 0, 0], [140, 3999865329065701122048000000, 2, 5, 1, 1], [141, 3999865329067170450124800000, 1, 4, 0, 0], [142, 3999865330652575444992000000, 1, 5, 1, 1], [143, 3999865325891952476160000000, 4, 6, 0, 0], [144, 3999863613654558019584000000, 4, 5, 1, 1], [145, 3999863613658966003814400000, 1, 4, 0, 0], [146, 3999863613657498036226560000, 1, 3, 1, 1], [147, 3999863613657496675737600000, 2, 4, 0, 0], [148, 3999863613656028708149760000, 2, 3, 1, 1], [149, 3999863613656028709409472000, 1, 2, 0, 0], [150, 3999863613656030068638720000, 1, 3, 1, 1], [151, 3999863613656027347660800000, 3, 4, 0, 0], [152, 3999863615241432342528000000, 3, 5, 1, 1], [153, 3999863615244370998681600000, 1, 4, 0, 0], [154, 3999863615242903031093760000, 1, 3, 1, 1], [155, 3999863615242901670604800000, 2, 4, 0, 0], [156, 3999863616828306665472000000, 2, 5, 1, 1], [157, 3999863616829775993548800000, 1, 4, 0, 0], [158, 3999863618415180988416000000, 1, 5, 1, 1], [159, 3999863612067683696640000000, 5, 6, 0, 0], [160, 3999861899830289240064000000, 5, 5, 1, 1], [161, 3999861899836166552371200000, 1, 4, 0, 0], [162, 3999861899834698584783360000, 1, 3, 1, 1], [163, 3999861899834697224294400000, 2, 4, 0, 0], [164, 3999861899833229256706560000, 2, 3, 1, 1], [165, 3999861899833229257966272000, 1, 2, 0, 0], [166, 3999861899833230617195520000, 1, 3, 1, 1], [167, 3999861899833227896217600000, 3, 4, 0, 0], [168, 3999861899831759928629760000, 3, 3, 1, 1], [169, 3999861899831759931149184000, 1, 2, 0, 0], [170, 3999861899831759929890638400, 1, 1, 1, 1], [171, 3999861899831759929889472000, 2, 2, 0, 0], [172, 3999861899831761289118720000, 2, 3, 1, 1], [173, 3999861899831761290378432000, 1, 2, 0, 0], [174, 3999861899831762649607680000, 1, 3, 1, 1], [175, 3999861899831758568140800000, 4, 4, 0, 0], [176, 3999861901417163563008000000, 4, 5, 1, 1], [177, 3999861901421571547238400000, 1, 4, 0, 0], [178, 3999861901420103579650560000, 1, 3, 1, 1], [179, 3999861901420102219161600000, 2, 4, 0, 0], [180, 3999861901418634251573760000, 2, 3, 1, 1], [181, 3999861901418634252833472000, 1, 2, 0, 0], [182, 3999861901418635612062720000, 1, 3, 1, 1], [183, 3999861901418632891084800000, 3, 4, 0, 0], [184, 3999861903004037885952000000, 3, 5, 1, 1], [185, 3999861903006976542105600000, 1, 4, 0, 0], [186, 3999861903005508574517760000, 1, 3, 1, 1], [187, 3999861903005507214028800000, 2, 4, 0, 0], [188, 3999861904590912208896000000, 2, 5, 1, 1], [189, 3999861904592381536972800000, 1, 4, 0, 0], [190, 3999861906177786531840000000, 1, 5, 1, 1], [191, 3999861898243414917120000000, 6, 6, 0, 0], [192, 4001711114629428019200000000, 6, 7, 1, 1], [193, 4001719683750771916800000000, 1, 6, 0, 0], [194, 4001717971513377460224000000, 1, 5, 1, 1], [195, 4001717969926503137280000000, 2, 6, 0, 0], [196, 4001716257689108680704000000, 2, 5, 1, 1], [197, 4001716257690578008780800000, 1, 4, 0, 0], [198, 4001716259275983003648000000, 1, 5, 1, 1], [199, 4001716256102234357760000000, 3, 6, 0, 0], [200, 4001714543864839901184000000, 3, 5, 1, 1], [201, 4001714543867778557337600000, 1, 4, 0, 0], [202, 4001714543866310589749760000, 1, 3, 1, 1], [203, 4001714543866309229260800000, 2, 4, 0, 0], [204, 4001714545451714224128000000, 2, 5, 1, 1], [205, 4001714545453183552204800000, 1, 4, 0, 0], [206, 4001714547038588547072000000, 1, 5, 1, 1], [207, 4001714542277965578240000000, 4, 6, 0, 0], [208, 4001712830040571121664000000, 4, 5, 1, 1], [209, 4001712830044979105894400000, 1, 4, 0, 0], [210, 4001712830043511138306560000, 1, 3, 1, 1], [211, 4001712830043509777817600000, 2, 4, 0, 0], [212, 4001712830042041810229760000, 2, 3, 1, 1], [213, 4001712830042041811489472000, 1, 2, 0, 0], [214, 4001712830042043170718720000, 1, 3, 1, 1], [215, 4001712830042040449740800000, 3, 4, 0, 0], [216, 4001712831627445444608000000, 3, 5, 1, 1], [217, 4001712831630384100761600000, 1, 4, 0, 0], [218, 4001712831628916133173760000, 1, 3, 1, 1], [219, 4001712831628914772684800000, 2, 4, 0, 0], [220, 4001712833214319767552000000, 2, 5, 1, 1], [221, 4001712833215789095628800000, 1, 4, 0, 0], [222, 4001712834801194090496000000, 1, 5, 1, 1], [223, 4001712828453696798720000000, 5, 6, 0, 0], [224, 4003562044839709900800000000, 5, 7, 1, 1], [225, 4003568900136785018880000000, 1, 6, 0, 0], [226, 4003567187899390562304000000, 1, 5, 1, 1], [227, 4003567186312516239360000000, 2, 6, 0, 0], [228, 4003565474075121782784000000, 2, 5, 1, 1], [229, 4003565474076591110860800000, 1, 4, 0, 0], [230, 4003565475661996105728000000, 1, 5, 1, 1], [231, 4003565472488247459840000000, 3, 6, 0, 0], [232, 4003563760250853003264000000, 3, 5, 1, 1], [233, 4003563760253791659417600000, 1, 4, 0, 0], [234, 4003563760252323691829760000, 1, 3, 1, 1], [235, 4003563760252322331340800000, 2, 4, 0, 0], [236, 4003563761837727326208000000, 2, 5, 1, 1], [237, 4003563761839196654284800000, 1, 4, 0, 0], [238, 4003563763424601649152000000, 1, 5, 1, 1], [239, 4003563758663978680320000000, 4, 6, 0, 0], [240, 4005412975049991782400000000, 4, 7, 1, 1], [241, 4005418116522798120960000000, 1, 6, 0, 0], [242, 4005416404285403664384000000, 1, 5, 1, 1], [243, 4005416402698529341440000000, 2, 6, 0, 0], [244, 4005414690461134884864000000, 2, 5, 1, 1], [245, 4005414690462604212940800000, 1, 4, 0, 0], [246, 4005414692048009207808000000, 1, 5, 1, 1], [247, 4005414688874260561920000000, 3, 6, 0, 0], [248, 4007263905260273664000000000, 3, 7, 1, 1], [249, 4007267332908811223040000000, 1, 6, 0, 0], [250, 4007265620671416766464000000, 1, 5, 1, 1], [251, 4007265619084542443520000000, 2, 6, 0, 0], [252, 4009114835470555545600000000, 2, 7, 1, 1], [253, 4009116549294824325120000000, 1, 6, 0, 0], [254, 4010965765680837427200000000, 1, 7, 1, 1], [255, 3998009254208864256000000000, 8, 8, 0, 0], [256, 2000855557314714009600000000, 8, 7, 1, 1], [257, 2000867554084595466240000000, 1, 6, 0, 0], [258, 2000865841847201009664000000, 1, 5, 1, 1], [259, 2000865840260326686720000000, 2, 6, 0, 0], [260, 2000864128022932230144000000, 2, 5, 1, 1], [261, 2000864128024401558220800000, 1, 4, 0, 0], [262, 2000864129609806553088000000, 1, 5, 1, 1], [263, 2000864126436057907200000000, 3, 6, 0, 0], [264, 2000862414198663450624000000, 3, 5, 1, 1], [265, 2000862414201602106777600000, 1, 4, 0, 0], [266, 2000862414200134139189760000, 1, 3, 1, 1], [267, 2000862414200132778700800000, 2, 4, 0, 0], [268, 2000862415785537773568000000, 2, 5, 1, 1], [269, 2000862415787007101644800000, 1, 4, 0, 0], [270, 2000862417372412096512000000, 1, 5, 1, 1], [271, 2000862412611789127680000000, 4, 6, 0, 0], [272, 2000860700374394671104000000, 4, 5, 1, 1], [273, 2000860700378802655334400000, 1, 4, 0, 0], [274, 2000860700377334687746560000, 1, 3, 1, 1], [275, 2000860700377333327257600000, 2, 4, 0, 0], [276, 2000860700375865359669760000, 2, 3, 1, 1], [277, 2000860700375865360929472000, 1, 2, 0, 0], [278, 2000860700375866720158720000, 1, 3, 1, 1], [279, 2000860700375863999180800000, 3, 4, 0, 0], [280, 2000860701961268994048000000, 3, 5, 1, 1], [281, 2000860701964207650201600000, 1, 4, 0, 0], [282, 2000860701962739682613760000, 1, 3, 1, 1], [283, 2000860701962738322124800000, 2, 4, 0, 0], [284, 2000860703548143316992000000, 2, 5, 1, 1], [285, 2000860703549612645068800000, 1, 4, 0, 0], [286, 2000860705135017639936000000, 1, 5, 1, 1], [287, 2000860698787520348160000000, 5, 6, 0, 0], [288, 2000858986550125891584000000, 5, 5, 1, 1], [289, 2000858986556003203891200000, 1, 4, 0, 0], [290, 2000858986554535236303360000, 1, 3, 1, 1], [291, 2000858986554533875814400000, 2, 4, 0, 0], [292, 2000858986553065908226560000, 2, 3, 1, 1], [293, 2000858986553065909486272000, 1, 2, 0, 0], [294, 2000858986553067268715520000, 1, 3, 1, 1], [295, 2000858986553064547737600000, 3, 4, 0, 0], [296, 2000858986551596580149760000, 3, 3, 1, 1], [297, 2000858986551596582669184000, 1, 2, 0, 0], [298, 2000858986551596581410638400, 1, 1, 1, 1], [299, 2000858986551596581409472000, 2, 2, 0, 0], [300, 2000858986551597940638720000, 2, 3, 1, 1], [301, 2000858986551597941898432000, 1, 2, 0, 0], [302, 2000858986551599301127680000, 1, 3, 1, 1], [303, 2000858986551595219660800000, 4, 4, 0, 0], [304, 2000858988137000214528000000, 4, 5, 1, 1], [305, 2000858988141408198758400000, 1, 4, 0, 0], [306, 2000858988139940231170560000, 1, 3, 1, 1], [307, 2000858988139938870681600000, 2, 4, 0, 0], [308, 2000858988138470903093760000, 2, 3, 1, 1], [309, 2000858988138470904353472000, 1, 2, 0, 0], [310, 2000858988138472263582720000, 1, 3, 1, 1], [311, 2000858988138469542604800000, 3, 4, 0, 0], [312, 2000858989723874537472000000, 3, 5, 1, 1], [313, 2000858989726813193625600000, 1, 4, 0, 0], [314, 2000858989725345226037760000, 1, 3, 1, 1], [315, 2000858989725343865548800000, 2, 4, 0, 0], [316, 2000858991310748860416000000, 2, 5, 1, 1], [317, 2000858991312218188492800000, 1, 4, 0, 0], [318, 2000858992897623183360000000, 1, 5, 1, 1], [319, 2000858984963251568640000000, 6, 6, 0, 0], [320, 2000857272725857112064000000, 6, 5, 1, 1], [321, 2000857272733203752448000000, 1, 4, 0, 0], [322, 2000857272731735784860160000, 1, 3, 1, 1], [323, 2000857272731734424371200000, 2, 4, 0, 0], [324, 2000857272730266456783360000, 2, 3, 1, 1], [325, 2000857272730266458043072000, 1, 2, 0, 0], [326, 2000857272730267817272320000, 1, 3, 1, 1], [327, 2000857272730265096294400000, 3, 4, 0, 0], [328, 2000857272728797128706560000, 3, 3, 1, 1], [329, 2000857272728797131225984000, 1, 2, 0, 0], [330, 2000857272728797129967438400, 1, 1, 1, 1], [331, 2000857272728797129966272000, 2, 2, 0, 0], [332, 2000857272728798489195520000, 2, 3, 1, 1], [333, 2000857272728798490455232000, 1, 2, 0, 0], [334, 2000857272728799849684480000, 1, 3, 1, 1], [335, 2000857272728795768217600000, 4, 4, 0, 0], [336, 2000857272727327800629760000, 4, 3, 1, 1], [337, 2000857272727327804408896000, 1, 2, 0, 0], [338, 2000857272727327803150350400, 1, 1, 1, 1], [339, 2000857272727327803149184000, 2, 2, 0, 0], [340, 2000857272727327801890638400, 2, 1, 1, 1], [341, 2000857272727327801890639480, 1, 0, 0, 0], [342, 2000857272727327801891804800, 1, 1, 1, 1], [343, 2000857272727327801889472000, 3, 2, 0, 0], [344, 2000857272727329161118720000, 3, 3, 1, 1], [345, 2000857272727329163638144000, 1, 2, 0, 0], [346, 2000857272727329162379598400, 1, 1, 1, 1], [347, 2000857272727329162378432000, 2, 2, 0, 0], [348, 2000857272727330521607680000, 2, 3, 1, 1], [349, 2000857272727330522867392000, 1, 2, 0, 0], [350, 2000857272727331882096640000, 1, 3, 1, 1], [351, 2000857272727326440140800000, 5, 4, 0, 0], [352, 2000857274312731435008000000, 5, 5, 1, 1], [353, 2000857274318608747315200000, 1, 4, 0, 0], [354, 2000857274317140779727360000, 1, 3, 1, 1], [355, 2000857274317139419238400000, 2, 4, 0, 0], [356, 2000857274315671451650560000, 2, 3, 1, 1], [357, 2000857274315671452910272000, 1, 2, 0, 0], [358, 2000857274315672812139520000, 1, 3, 1, 1], [359, 2000857274315670091161600000, 3, 4, 0, 0], [360, 2000857274314202123573760000, 3, 3, 1, 1], [361, 2000857274314202126093184000, 1, 2, 0, 0], [362, 2000857274314202124834638400, 1, 1, 1, 1], [363, 2000857274314202124833472000, 2, 2, 0, 0], [364, 2000857274314203484062720000, 2, 3, 1, 1], [365, 2000857274314203485322432000, 1, 2, 0, 0], [366, 2000857274314204844551680000, 1, 3, 1, 1], [367, 2000857274314200763084800000, 4, 4, 0, 0], [368, 2000857275899605757952000000, 4, 5, 1, 1], [369, 2000857275904013742182400000, 1, 4, 0, 0], [370, 2000857275902545774594560000, 1, 3, 1, 1], [371, 2000857275902544414105600000, 2, 4, 0, 0], [372, 2000857275901076446517760000, 2, 3, 1, 1], [373, 2000857275901076447777472000, 1, 2, 0, 0], [374, 2000857275901077807006720000, 1, 3, 1, 1], [375, 2000857275901075086028800000, 3, 4, 0, 0], [376, 2000857277486480080896000000, 3, 5, 1, 1], [377, 2000857277489418737049600000, 1, 4, 0, 0], [378, 2000857277487950769461760000, 1, 3, 1, 1], [379, 2000857277487949408972800000, 2, 4, 0, 0], [380, 2000857279073354403840000000, 2, 5, 1, 1], [381, 2000857279074823731916800000, 1, 4, 0, 0], [382, 2000857280660228726784000000, 1, 5, 1, 1], [383, 2000857271138982789120000000, 7, 6, 0, 0], [384, 2002706487524995891200000000, 7, 7, 1, 1], [385, 2002716770470608568320000000, 1, 6, 0, 0], [386, 2002715058233214111744000000, 1, 5, 1, 1], [387, 2002715056646339788800000000, 2, 6, 0, 0], [388, 2002713344408945332224000000, 2, 5, 1, 1], [389, 2002713344410414660300800000, 1, 4, 0, 0], [390, 2002713345995819655168000000, 1, 5, 1, 1], [391, 2002713342822071009280000000, 3, 6, 0, 0], [392, 2002711630584676552704000000, 3, 5, 1, 1], [393, 2002711630587615208857600000, 1, 4, 0, 0], [394, 2002711630586147241269760000, 1, 3, 1, 1], [395, 2002711630586145880780800000, 2, 4, 0, 0], [396, 2002711632171550875648000000, 2, 5, 1, 1], [397, 2002711632173020203724800000, 1, 4, 0, 0], [398, 2002711633758425198592000000, 1, 5, 1, 1], [399, 2002711628997802229760000000, 4, 6, 0, 0], [400, 2002709916760407773184000000, 4, 5, 1, 1], [401, 2002709916764815757414400000, 1, 4, 0, 0], [402, 2002709916763347789826560000, 1, 3, 1, 1], [403, 2002709916763346429337600000, 2, 4, 0, 0], [404, 2002709916761878461749760000, 2, 3, 1, 1], [405, 2002709916761878463009472000, 1, 2, 0, 0], [406, 2002709916761879822238720000, 1, 3, 1, 1], [407, 2002709916761877101260800000, 3, 4, 0, 0], [408, 2002709918347282096128000000, 3, 5, 1, 1], [409, 2002709918350220752281600000, 1, 4, 0, 0], [410, 2002709918348752784693760000, 1, 3, 1, 1], [411, 2002709918348751424204800000, 2, 4, 0, 0], [412, 2002709919934156419072000000, 2, 5, 1, 1], [413, 2002709919935625747148800000, 1, 4, 0, 0], [414, 2002709921521030742016000000, 1, 5, 1, 1], [415, 2002709915173533450240000000, 5, 6, 0, 0], [416, 2002708202936138993664000000, 5, 5, 1, 1], [417, 2002708202942016305971200000, 1, 4, 0, 0], [418, 2002708202940548338383360000, 1, 3, 1, 1], [419, 2002708202940546977894400000, 2, 4, 0, 0], [420, 2002708202939079010306560000, 2, 3, 1, 1], [421, 2002708202939079011566272000, 1, 2, 0, 0], [422, 2002708202939080370795520000, 1, 3, 1, 1], [423, 2002708202939077649817600000, 3, 4, 0, 0], [424, 2002708202937609682229760000, 3, 3, 1, 1], [425, 2002708202937609684749184000, 1, 2, 0, 0], [426, 2002708202937609683490638400, 1, 1, 1, 1], [427, 2002708202937609683489472000, 2, 2, 0, 0], [428, 2002708202937611042718720000, 2, 3, 1, 1], [429, 2002708202937611043978432000, 1, 2, 0, 0], [430, 2002708202937612403207680000, 1, 3, 1, 1], [431, 2002708202937608321740800000, 4, 4, 0, 0], [432, 2002708204523013316608000000, 4, 5, 1, 1], [433, 2002708204527421300838400000, 1, 4, 0, 0], [434, 2002708204525953333250560000, 1, 3, 1, 1], [435, 2002708204525951972761600000, 2, 4, 0, 0], [436, 2002708204524484005173760000, 2, 3, 1, 1], [437, 2002708204524484006433472000, 1, 2, 0, 0], [438, 2002708204524485365662720000, 1, 3, 1, 1], [439, 2002708204524482644684800000, 3, 4, 0, 0], [440, 2002708206109887639552000000, 3, 5, 1, 1], [441, 2002708206112826295705600000, 1, 4, 0, 0], [442, 2002708206111358328117760000, 1, 3, 1, 1], [443, 2002708206111356967628800000, 2, 4, 0, 0], [444, 2002708207696761962496000000, 2, 5, 1, 1], [445, 2002708207698231290572800000, 1, 4, 0, 0], [446, 2002708209283636285440000000, 1, 5, 1, 1], [447, 2002708201349264670720000000, 6, 6, 0, 0], [448, 2004557417735277772800000000, 6, 7, 1, 1], [449, 2004565986856621670400000000, 1, 6, 0, 0], [450, 2004564274619227213824000000, 1, 5, 1, 1], [451, 2004564273032352890880000000, 2, 6, 0, 0], [452, 2004562560794958434304000000, 2, 5, 1, 1], [453, 2004562560796427762380800000, 1, 4, 0, 0], [454, 2004562562381832757248000000, 1, 5, 1, 1], [455, 2004562559208084111360000000, 3, 6, 0, 0], [456, 2004560846970689654784000000, 3, 5, 1, 1], [457, 2004560846973628310937600000, 1, 4, 0, 0], [458, 2004560846972160343349760000, 1, 3, 1, 1], [459, 2004560846972158982860800000, 2, 4, 0, 0], [460, 2004560848557563977728000000, 2, 5, 1, 1], [461, 2004560848559033305804800000, 1, 4, 0, 0], [462, 2004560850144438300672000000, 1, 5, 1, 1], [463, 2004560845383815331840000000, 4, 6, 0, 0], [464, 2004559133146420875264000000, 4, 5, 1, 1], [465, 2004559133150828859494400000, 1, 4, 0, 0], [466, 2004559133149360891906560000, 1, 3, 1, 1], [467, 2004559133149359531417600000, 2, 4, 0, 0], [468, 2004559133147891563829760000, 2, 3, 1, 1], [469, 2004559133147891565089472000, 1, 2, 0, 0], [470, 2004559133147892924318720000, 1, 3, 1, 1], [471, 2004559133147890203340800000, 3, 4, 0, 0], [472, 2004559134733295198208000000, 3, 5, 1, 1], [473, 2004559134736233854361600000, 1, 4, 0, 0], [474, 2004559134734765886773760000, 1, 3, 1, 1], [475, 2004559134734764526284800000, 2, 4, 0, 0], [476, 2004559136320169521152000000, 2, 5, 1, 1], [477, 2004559136321638849228800000, 1, 4, 0, 0], [478, 2004559137907043844096000000, 1, 5, 1, 1], [479, 2004559131559546552320000000, 5, 6, 0, 0], [480, 2006408347945559654400000000, 5, 7, 1, 1], [481, 2006415203242634772480000000, 1, 6, 0, 0], [482, 2006413491005240315904000000, 1, 5, 1, 1], [483, 2006413489418365992960000000, 2, 6, 0, 0], [484, 2006411777180971536384000000, 2, 5, 1, 1], [485, 2006411777182440864460800000, 1, 4, 0, 0], [486, 2006411778767845859328000000, 1, 5, 1, 1], [487, 2006411775594097213440000000, 3, 6, 0, 0], [488, 2006410063356702756864000000, 3, 5, 1, 1], [489, 2006410063359641413017600000, 1, 4, 0, 0], [490, 2006410063358173445429760000, 1, 3, 1, 1], [491, 2006410063358172084940800000, 2, 4, 0, 0], [492, 2006410064943577079808000000, 2, 5, 1, 1], [493, 2006410064945046407884800000, 1, 4, 0, 0], [494, 2006410066530451402752000000, 1, 5, 1, 1], [495, 2006410061769828433920000000, 4, 6, 0, 0], [496, 2008259278155841536000000000, 4, 7, 1, 1], [497, 2008264419628647874560000000, 1, 6, 0, 0], [498, 2008262707391253417984000000, 1, 5, 1, 1], [499, 2008262705804379095040000000, 2, 6, 0, 0], [500, 2008260993566984638464000000, 2, 5, 1, 1], [501, 2008260993568453966540800000, 1, 4, 0, 0], [502, 2008260995153858961408000000, 1, 5, 1, 1], [503, 2008260991980110315520000000, 3, 6, 0, 0], [504, 2010110208366123417600000000, 3, 7, 1, 1], [505, 2010113636014660976640000000, 1, 6, 0, 0], [506, 2010111923777266520064000000, 1, 5, 1, 1], [507, 2010111922190392197120000000, 2, 6, 0, 0], [508, 2011961138576405299200000000, 2, 7, 1, 1], [509, 2011962852400674078720000000, 1, 6, 0, 0], [510, 2013812068786687180800000000, 1, 7, 1, 1], [511, 1999004627104432128000000000, 9, 8, 0, 0], [512, 1999004627104432128000000000, 9, 8, 0, 1], [513, 2013812068786687180800000000, 1, 7, 1, 0], [514, 2011962852400674078720000000, 1, 6, 0, 1], [515, 2011961138576405299200000000, 2, 7, 1, 0], [516, 2010111922190392197120000000, 2, 6, 0, 1], [517, 2010111923777266520064000000, 1, 5, 1, 0], [518, 2010113636014660976640000000, 1, 6, 0, 1], [519, 2010110208366123417600000000, 3, 7, 1, 0], [520, 2008260991980110315520000000, 3, 6, 0, 1], [521, 2008260995153858961408000000, 1, 5, 1, 0], [522, 2008260993568453966540800000, 1, 4, 0, 1], [523, 2008260993566984638464000000, 2, 5, 1, 0], [524, 2008262705804379095040000000, 2, 6, 0, 1], [525, 2008262707391253417984000000, 1, 5, 1, 0], [526, 2008264419628647874560000000, 1, 6, 0, 1], [527, 2008259278155841536000000000, 4, 7, 1, 0], [528, 2006410061769828433920000000, 4, 6, 0, 1], [529, 2006410066530451402752000000, 1, 5, 1, 0], [530, 2006410064945046407884800000, 1, 4, 0, 1], [531, 2006410064943577079808000000, 2, 5, 1, 0], [532, 2006410063358172084940800000, 2, 4, 0, 1], [533, 2006410063358173445429760000, 1, 3, 1, 0], [534, 2006410063359641413017600000, 1, 4, 0, 1], [535, 2006410063356702756864000000, 3, 5, 1, 0], [536, 2006411775594097213440000000, 3, 6, 0, 1], [537, 2006411778767845859328000000, 1, 5, 1, 0], [538, 2006411777182440864460800000, 1, 4, 0, 1], [539, 2006411777180971536384000000, 2, 5, 1, 0], [540, 2006413489418365992960000000, 2, 6, 0, 1], [541, 2006413491005240315904000000, 1, 5, 1, 0], [542, 2006415203242634772480000000, 1, 6, 0, 1], [543, 2006408347945559654400000000, 5, 7, 1, 0], [544, 2004559131559546552320000000, 5, 6, 0, 1], [545, 2004559137907043844096000000, 1, 5, 1, 0], [546, 2004559136321638849228800000, 1, 4, 0, 1], [547, 2004559136320169521152000000, 2, 5, 1, 0], [548, 2004559134734764526284800000, 2, 4, 0, 1], [549, 2004559134734765886773760000, 1, 3, 1, 0], [550, 2004559134736233854361600000, 1, 4, 0, 1], [551, 2004559134733295198208000000, 3, 5, 1, 0], [552, 2004559133147890203340800000, 3, 4, 0, 1], [553, 2004559133147892924318720000, 1, 3, 1, 0], [554, 2004559133147891565089472000, 1, 2, 0, 1], [555, 2004559133147891563829760000, 2, 3, 1, 0], [556, 2004559133149359531417600000, 2, 4, 0, 1], [557, 2004559133149360891906560000, 1, 3, 1, 0], [558, 2004559133150828859494400000, 1, 4, 0, 1], [559, 2004559133146420875264000000, 4, 5, 1, 0], [560, 2004560845383815331840000000, 4, 6, 0, 1], [561, 2004560850144438300672000000, 1, 5, 1, 0], [562, 2004560848559033305804800000, 1, 4, 0, 1], [563, 2004560848557563977728000000, 2, 5, 1, 0], [564, 2004560846972158982860800000, 2, 4, 0, 1], [565, 2004560846972160343349760000, 1, 3, 1, 0], [566, 2004560846973628310937600000, 1, 4, 0, 1], [567, 2004560846970689654784000000, 3, 5, 1, 0], [568, 2004562559208084111360000000, 3, 6, 0, 1], [569, 2004562562381832757248000000, 1, 5, 1, 0], [570, 2004562560796427762380800000, 1, 4, 0, 1], [571, 2004562560794958434304000000, 2, 5, 1, 0], [572, 2004564273032352890880000000, 2, 6, 0, 1], [573, 2004564274619227213824000000, 1, 5, 1, 0], [574, 2004565986856621670400000000, 1, 6, 0, 1], [575, 2004557417735277772800000000, 6, 7, 1, 0], [576, 2002708201349264670720000000, 6, 6, 0, 1], [577, 2002708209283636285440000000, 1, 5, 1, 0], [578, 2002708207698231290572800000, 1, 4, 0, 1], [579, 2002708207696761962496000000, 2, 5, 1, 0], [580, 2002708206111356967628800000, 2, 4, 0, 1], [581, 2002708206111358328117760000, 1, 3, 1, 0], [582, 2002708206112826295705600000, 1, 4, 0, 1], [583, 2002708206109887639552000000, 3, 5, 1, 0], [584, 2002708204524482644684800000, 3, 4, 0, 1], [585, 2002708204524485365662720000, 1, 3, 1, 0], [586, 2002708204524484006433472000, 1, 2, 0, 1], [587, 2002708204524484005173760000, 2, 3, 1, 0], [588, 2002708204525951972761600000, 2, 4, 0, 1], [589, 2002708204525953333250560000, 1, 3, 1, 0], [590, 2002708204527421300838400000, 1, 4, 0, 1], [591, 2002708204523013316608000000, 4, 5, 1, 0], [592, 2002708202937608321740800000, 4, 4, 0, 1], [593, 2002708202937612403207680000, 1, 3, 1, 0], [594, 2002708202937611043978432000, 1, 2, 0, 1], [595, 2002708202937611042718720000, 2, 3, 1, 0], [596, 2002708202937609683489472000, 2, 2, 0, 1], [597, 2002708202937609683490638400, 1, 1, 1, 0], [598, 2002708202937609684749184000, 1, 2, 0, 1], [599, 2002708202937609682229760000, 3, 3, 1, 0], [600, 2002708202939077649817600000, 3, 4, 0, 1], [601, 2002708202939080370795520000, 1, 3, 1, 0], [602, 2002708202939079011566272000, 1, 2, 0, 1], [603, 2002708202939079010306560000, 2, 3, 1, 0], [604, 2002708202940546977894400000, 2, 4, 0, 1], [605, 2002708202940548338383360000, 1, 3, 1, 0], [606, 2002708202942016305971200000, 1, 4, 0, 1], [607, 2002708202936138993664000000, 5, 5, 1, 0], [608, 2002709915173533450240000000, 5, 6, 0, 1], [609, 2002709921521030742016000000, 1, 5, 1, 0], [610, 2002709919935625747148800000, 1, 4, 0, 1], [611, 2002709919934156419072000000, 2, 5, 1, 0], [612, 2002709918348751424204800000, 2, 4, 0, 1], [613, 2002709918348752784693760000, 1, 3, 1, 0], [614, 2002709918350220752281600000, 1, 4, 0, 1], [615, 2002709918347282096128000000, 3, 5, 1, 0], [616, 2002709916761877101260800000, 3, 4, 0, 1], [617, 2002709916761879822238720000, 1, 3, 1, 0], [618, 2002709916761878463009472000, 1, 2, 0, 1], [619, 2002709916761878461749760000, 2, 3, 1, 0], [620, 2002709916763346429337600000, 2, 4, 0, 1], [621, 2002709916763347789826560000, 1, 3, 1, 0], [622, 2002709916764815757414400000, 1, 4, 0, 1], [623, 2002709916760407773184000000, 4, 5, 1, 0], [624, 2002711628997802229760000000, 4, 6, 0, 1], [625, 2002711633758425198592000000, 1, 5, 1, 0], [626, 2002711632173020203724800000, 1, 4, 0, 1], [627, 2002711632171550875648000000, 2, 5, 1, 0], [628, 2002711630586145880780800000, 2, 4, 0, 1], [629, 2002711630586147241269760000, 1, 3, 1, 0], [630, 2002711630587615208857600000, 1, 4, 0, 1], [631, 2002711630584676552704000000, 3, 5, 1, 0], [632, 2002713342822071009280000000, 3, 6, 0, 1], [633, 2002713345995819655168000000, 1, 5, 1, 0], [634, 2002713344410414660300800000, 1, 4, 0, 1], [635, 2002713344408945332224000000, 2, 5, 1, 0], [636, 2002715056646339788800000000, 2, 6, 0, 1], [637, 2002715058233214111744000000, 1, 5, 1, 0], [638, 2002716770470608568320000000, 1, 6, 0, 1], [639, 2002706487524995891200000000, 7, 7, 1, 0], [640, 2000857271138982789120000000, 7, 6, 0, 1], [641, 2000857280660228726784000000, 1, 5, 1, 0], [642, 2000857279074823731916800000, 1, 4, 0, 1], [643, 2000857279073354403840000000, 2, 5, 1, 0], [644, 2000857277487949408972800000, 2, 4, 0, 1], [645, 2000857277487950769461760000, 1, 3, 1, 0], [646, 2000857277489418737049600000, 1, 4, 0, 1], [647, 2000857277486480080896000000, 3, 5, 1, 0], [648, 2000857275901075086028800000, 3, 4, 0, 1], [649, 2000857275901077807006720000, 1, 3, 1, 0], [650, 2000857275901076447777472000, 1, 2, 0, 1], [651, 2000857275901076446517760000, 2, 3, 1, 0], [652, 2000857275902544414105600000, 2, 4, 0, 1], [653, 2000857275902545774594560000, 1, 3, 1, 0], [654, 2000857275904013742182400000, 1, 4, 0, 1], [655, 2000857275899605757952000000, 4, 5, 1, 0], [656, 2000857274314200763084800000, 4, 4, 0, 1], [657, 2000857274314204844551680000, 1, 3, 1, 0], [658, 2000857274314203485322432000, 1, 2, 0, 1], [659, 2000857274314203484062720000, 2, 3, 1, 0], [660, 2000857274314202124833472000, 2, 2, 0, 1], [661, 2000857274314202124834638400, 1, 1, 1, 0], [662, 2000857274314202126093184000, 1, 2, 0, 1], [663, 2000857274314202123573760000, 3, 3, 1, 0], [664, 2000857274315670091161600000, 3, 4, 0, 1], [665, 2000857274315672812139520000, 1, 3, 1, 0], [666, 2000857274315671452910272000, 1, 2, 0, 1], [667, 2000857274315671451650560000, 2, 3, 1, 0], [668, 2000857274317139419238400000, 2, 4, 0, 1], [669, 2000857274317140779727360000, 1, 3, 1, 0], [670, 2000857274318608747315200000, 1, 4, 0, 1], [671, 2000857274312731435008000000, 5, 5, 1, 0], [672, 2000857272727326440140800000, 5, 4, 0, 1], [673, 2000857272727331882096640000, 1, 3, 1, 0], [674, 2000857272727330522867392000, 1, 2, 0, 1], [675, 2000857272727330521607680000, 2, 3, 1, 0], [676, 2000857272727329162378432000, 2, 2, 0, 1], [677, 2000857272727329162379598400, 1, 1, 1, 0], [678, 2000857272727329163638144000, 1, 2, 0, 1], [679, 2000857272727329161118720000, 3, 3, 1, 0], [680, 2000857272727327801889472000, 3, 2, 0, 1], [681, 2000857272727327801891804800, 1, 1, 1, 0], [682, 2000857272727327801890639480, 1, 0, 0, 1], [683, 2000857272727327801890638400, 2, 1, 1, 0], [684, 2000857272727327803149184000, 2, 2, 0, 1], [685, 2000857272727327803150350400, 1, 1, 1, 0], [686, 2000857272727327804408896000, 1, 2, 0, 1], [687, 2000857272727327800629760000, 4, 3, 1, 0], [688, 2000857272728795768217600000, 4, 4, 0, 1], [689, 2000857272728799849684480000, 1, 3, 1, 0], [690, 2000857272728798490455232000, 1, 2, 0, 1], [691, 2000857272728798489195520000, 2, 3, 1, 0], [692, 2000857272728797129966272000, 2, 2, 0, 1], [693, 2000857272728797129967438400, 1, 1, 1, 0], [694, 2000857272728797131225984000, 1, 2, 0, 1], [695, 2000857272728797128706560000, 3, 3, 1, 0], [696, 2000857272730265096294400000, 3, 4, 0, 1], [697, 2000857272730267817272320000, 1, 3, 1, 0], [698, 2000857272730266458043072000, 1, 2, 0, 1], [699, 2000857272730266456783360000, 2, 3, 1, 0], [700, 2000857272731734424371200000, 2, 4, 0, 1], [701, 2000857272731735784860160000, 1, 3, 1, 0], [702, 2000857272733203752448000000, 1, 4, 0, 1], [703, 2000857272725857112064000000, 6, 5, 1, 0], [704, 2000858984963251568640000000, 6, 6, 0, 1], [705, 2000858992897623183360000000, 1, 5, 1, 0], [706, 2000858991312218188492800000, 1, 4, 0, 1], [707, 2000858991310748860416000000, 2, 5, 1, 0], [708, 2000858989725343865548800000, 2, 4, 0, 1], [709, 2000858989725345226037760000, 1, 3, 1, 0], [710, 2000858989726813193625600000, 1, 4, 0, 1], [711, 2000858989723874537472000000, 3, 5, 1, 0], [712, 2000858988138469542604800000, 3, 4, 0, 1], [713, 2000858988138472263582720000, 1, 3, 1, 0], [714, 2000858988138470904353472000, 1, 2, 0, 1], [715, 2000858988138470903093760000, 2, 3, 1, 0], [716, 2000858988139938870681600000, 2, 4, 0, 1], [717, 2000858988139940231170560000, 1, 3, 1, 0], [718, 2000858988141408198758400000, 1, 4, 0, 1], [719, 2000858988137000214528000000, 4, 5, 1, 0], [720, 2000858986551595219660800000, 4, 4, 0, 1], [721, 2000858986551599301127680000, 1, 3, 1, 0], [722, 2000858986551597941898432000, 1, 2, 0, 1], [723, 2000858986551597940638720000, 2, 3, 1, 0], [724, 2000858986551596581409472000, 2, 2, 0, 1], [725, 2000858986551596581410638400, 1, 1, 1, 0], [726, 2000858986551596582669184000, 1, 2, 0, 1], [727, 2000858986551596580149760000, 3, 3, 1, 0], [728, 2000858986553064547737600000, 3, 4, 0, 1], [729, 2000858986553067268715520000, 1, 3, 1, 0], [730, 2000858986553065909486272000, 1, 2, 0, 1], [731, 2000858986553065908226560000, 2, 3, 1, 0], [732, 2000858986554533875814400000, 2, 4, 0, 1], [733, 2000858986554535236303360000, 1, 3, 1, 0], [734, 2000858986556003203891200000, 1, 4, 0, 1], [735, 2000858986550125891584000000, 5, 5, 1, 0], [736, 2000860698787520348160000000, 5, 6, 0, 1], [737, 2000860705135017639936000000, 1, 5, 1, 0], [738, 2000860703549612645068800000, 1, 4, 0, 1], [739, 2000860703548143316992000000, 2, 5, 1, 0], [740, 2000860701962738322124800000, 2, 4, 0, 1], [741, 2000860701962739682613760000, 1, 3, 1, 0], [742, 2000860701964207650201600000, 1, 4, 0, 1], [743, 2000860701961268994048000000, 3, 5, 1, 0], [744, 2000860700375863999180800000, 3, 4, 0, 1], [745, 2000860700375866720158720000, 1, 3, 1, 0], [746, 2000860700375865360929472000, 1, 2, 0, 1], [747, 2000860700375865359669760000, 2, 3, 1, 0], [748, 2000860700377333327257600000, 2, 4, 0, 1], [749, 2000860700377334687746560000, 1, 3, 1, 0], [750, 2000860700378802655334400000, 1, 4, 0, 1], [751, 2000860700374394671104000000, 4, 5, 1, 0], [752, 2000862412611789127680000000, 4, 6, 0, 1], [753, 2000862417372412096512000000, 1, 5, 1, 0], [754, 2000862415787007101644800000, 1, 4, 0, 1], [755, 2000862415785537773568000000, 2, 5, 1, 0], [756, 2000862414200132778700800000, 2, 4, 0, 1], [757, 2000862414200134139189760000, 1, 3, 1, 0], [758, 2000862414201602106777600000, 1, 4, 0, 1], [759, 2000862414198663450624000000, 3, 5, 1, 0], [760, 2000864126436057907200000000, 3, 6, 0, 1], [761, 2000864129609806553088000000, 1, 5, 1, 0], [762, 2000864128024401558220800000, 1, 4, 0, 1], [763, 2000864128022932230144000000, 2, 5, 1, 0], [764, 2000865840260326686720000000, 2, 6, 0, 1], [765, 2000865841847201009664000000, 1, 5, 1, 0], [766, 2000867554084595466240000000, 1, 6, 0, 1], [767, 2000855557314714009600000000, 8, 7, 1, 0], [768, 3998009254208864256000000000, 8, 8, 0, 1], [769, 4010965765680837427200000000, 1, 7, 1, 0], [770, 4009116549294824325120000000, 1, 6, 0, 1], [771, 4009114835470555545600000000, 2, 7, 1, 0], [772, 4007265619084542443520000000, 2, 6, 0, 1], [773, 4007265620671416766464000000, 1, 5, 1, 0], [774, 4007267332908811223040000000, 1, 6, 0, 1], [775, 4007263905260273664000000000, 3, 7, 1, 0], [776, 4005414688874260561920000000, 3, 6, 0, 1], [777, 4005414692048009207808000000, 1, 5, 1, 0], [778, 4005414690462604212940800000, 1, 4, 0, 1], [779, 4005414690461134884864000000, 2, 5, 1, 0], [780, 4005416402698529341440000000, 2, 6, 0, 1], [781, 4005416404285403664384000000, 1, 5, 1, 0], [782, 4005418116522798120960000000, 1, 6, 0, 1], [783, 4005412975049991782400000000, 4, 7, 1, 0], [784, 4003563758663978680320000000, 4, 6, 0, 1], [785, 4003563763424601649152000000, 1, 5, 1, 0], [786, 4003563761839196654284800000, 1, 4, 0, 1], [787, 4003563761837727326208000000, 2, 5, 1, 0], [788, 4003563760252322331340800000, 2, 4, 0, 1], [789, 4003563760252323691829760000, 1, 3, 1, 0], [790, 4003563760253791659417600000, 1, 4, 0, 1], [791, 4003563760250853003264000000, 3, 5, 1, 0], [792, 4003565472488247459840000000, 3, 6, 0, 1], [793, 4003565475661996105728000000, 1, 5, 1, 0], [794, 4003565474076591110860800000, 1, 4, 0, 1], [795, 4003565474075121782784000000, 2, 5, 1, 0], [796, 4003567186312516239360000000, 2, 6, 0, 1], [797, 4003567187899390562304000000, 1, 5, 1, 0], [798, 4003568900136785018880000000, 1, 6, 0, 1], [799, 4003562044839709900800000000, 5, 7, 1, 0], [800, 4001712828453696798720000000, 5, 6, 0, 1], [801, 4001712834801194090496000000, 1, 5, 1, 0], [802, 4001712833215789095628800000, 1, 4, 0, 1], [803, 4001712833214319767552000000, 2, 5, 1, 0], [804, 4001712831628914772684800000, 2, 4, 0, 1], [805, 4001712831628916133173760000, 1, 3, 1, 0], [806, 4001712831630384100761600000, 1, 4, 0, 1], [807, 4001712831627445444608000000, 3, 5, 1, 0], [808, 4001712830042040449740800000, 3, 4, 0, 1], [809, 4001712830042043170718720000, 1, 3, 1, 0], [810, 4001712830042041811489472000, 1, 2, 0, 1], [811, 4001712830042041810229760000, 2, 3, 1, 0], [812, 4001712830043509777817600000, 2, 4, 0, 1], [813, 4001712830043511138306560000, 1, 3, 1, 0], [814, 4001712830044979105894400000, 1, 4, 0, 1], [815, 4001712830040571121664000000, 4, 5, 1, 0], [816, 4001714542277965578240000000, 4, 6, 0, 1], [817, 4001714547038588547072000000, 1, 5, 1, 0], [818, 4001714545453183552204800000, 1, 4, 0, 1], [819, 4001714545451714224128000000, 2, 5, 1, 0], [820, 4001714543866309229260800000, 2, 4, 0, 1], [821, 4001714543866310589749760000, 1, 3, 1, 0], [822, 4001714543867778557337600000, 1, 4, 0, 1], [823, 4001714543864839901184000000, 3, 5, 1, 0], [824, 4001716256102234357760000000, 3, 6, 0, 1], [825, 4001716259275983003648000000, 1, 5, 1, 0], [826, 4001716257690578008780800000, 1, 4, 0, 1], [827, 4001716257689108680704000000, 2, 5, 1, 0], [828, 4001717969926503137280000000, 2, 6, 0, 1], [829, 4001717971513377460224000000, 1, 5, 1, 0], [830, 4001719683750771916800000000, 1, 6, 0, 1], [831, 4001711114629428019200000000, 6, 7, 1, 0], [832, 3999861898243414917120000000, 6, 6, 0, 1], [833, 3999861906177786531840000000, 1, 5, 1, 0], [834, 3999861904592381536972800000, 1, 4, 0, 1], [835, 3999861904590912208896000000, 2, 5, 1, 0], [836, 3999861903005507214028800000, 2, 4, 0, 1], [837, 3999861903005508574517760000, 1, 3, 1, 0], [838, 3999861903006976542105600000, 1, 4, 0, 1], [839, 3999861903004037885952000000, 3, 5, 1, 0], [840, 3999861901418632891084800000, 3, 4, 0, 1], [841, 3999861901418635612062720000, 1, 3, 1, 0], [842, 3999861901418634252833472000, 1, 2, 0, 1], [843, 3999861901418634251573760000, 2, 3, 1, 0], [844, 3999861901420102219161600000, 2, 4, 0, 1], [845, 3999861901420103579650560000, 1, 3, 1, 0], [846, 3999861901421571547238400000, 1, 4, 0, 1], [847, 3999861901417163563008000000, 4, 5, 1, 0], [848, 3999861899831758568140800000, 4, 4, 0, 1], [849, 3999861899831762649607680000, 1, 3, 1, 0], [850, 3999861899831761290378432000, 1, 2, 0, 1], [851, 3999861899831761289118720000, 2, 3, 1, 0], [852, 3999861899831759929889472000, 2, 2, 0, 1], [853, 3999861899831759929890638400, 1, 1, 1, 0], [854, 3999861899831759931149184000, 1, 2, 0, 1], [855, 3999861899831759928629760000, 3, 3, 1, 0], [856, 3999861899833227896217600000, 3, 4, 0, 1], [857, 3999861899833230617195520000, 1, 3, 1, 0], [858, 3999861899833229257966272000, 1, 2, 0, 1], [859, 3999861899833229256706560000, 2, 3, 1, 0], [860, 3999861899834697224294400000, 2, 4, 0, 1], [861, 3999861899834698584783360000, 1, 3, 1, 0], [862, 3999861899836166552371200000, 1, 4, 0, 1], [863, 3999861899830289240064000000, 5, 5, 1, 0], [864, 3999863612067683696640000000, 5, 6, 0, 1], [865, 3999863618415180988416000000, 1, 5, 1, 0], [866, 3999863616829775993548800000, 1, 4, 0, 1], [867, 3999863616828306665472000000, 2, 5, 1, 0], [868, 3999863615242901670604800000, 2, 4, 0, 1], [869, 3999863615242903031093760000, 1, 3, 1, 0], [870, 3999863615244370998681600000, 1, 4, 0, 1], [871, 3999863615241432342528000000, 3, 5, 1, 0], [872, 3999863613656027347660800000, 3, 4, 0, 1], [873, 3999863613656030068638720000, 1, 3, 1, 0], [874, 3999863613656028709409472000, 1, 2, 0, 1], [875, 3999863613656028708149760000, 2, 3, 1, 0], [876, 3999863613657496675737600000, 2, 4, 0, 1], [877, 3999863613657498036226560000, 1, 3, 1, 0], [878, 3999863613658966003814400000, 1, 4, 0, 1], [879, 3999863613654558019584000000, 4, 5, 1, 0], [880, 3999865325891952476160000000, 4, 6, 0, 1], [881, 3999865330652575444992000000, 1, 5, 1, 0], [882, 3999865329067170450124800000, 1, 4, 0, 1], [883, 3999865329065701122048000000, 2, 5, 1, 0], [884, 3999865327480296127180800000, 2, 4, 0, 1], [885, 3999865327480297487669760000, 1, 3, 1, 0], [886, 3999865327481765455257600000, 1, 4, 0, 1], [887, 3999865327478826799104000000, 3, 5, 1, 0], [888, 3999867039716221255680000000, 3, 6, 0, 1], [889, 3999867042889969901568000000, 1, 5, 1, 0], [890, 3999867041304564906700800000, 1, 4, 0, 1], [891, 3999867041303095578624000000, 2, 5, 1, 0], [892, 3999868753540490035200000000, 2, 6, 0, 1], [893, 3999868755127364358144000000, 1, 5, 1, 0], [894, 3999870467364758814720000000, 1, 6, 0, 1], [895, 3999860184419146137600000000, 7, 7, 1, 0], [896, 5997013881313296384000000000, 7, 8, 0, 1], [897, 6008119462574987673600000000, 1, 7, 1, 0], [898, 6006270246188974571520000000, 1, 6, 0, 1], [899, 6006268532364705792000000000, 2, 7, 1, 0], [900, 6004419315978692689920000000, 2, 6, 0, 1], [901, 6004419317565567012864000000, 1, 5, 1, 0], [902, 6004421029802961469440000000, 1, 6, 0, 1], [903, 6004417602154423910400000000, 3, 7, 1, 0], [904, 6002568385768410808320000000, 3, 6, 0, 1], [905, 6002568388942159454208000000, 1, 5, 1, 0], [906, 6002568387356754459340800000, 1, 4, 0, 1], [907, 6002568387355285131264000000, 2, 5, 1, 0], [908, 6002570099592679587840000000, 2, 6, 0, 1], [909, 6002570101179553910784000000, 1, 5, 1, 0], [910, 6002571813416948367360000000, 1, 6, 0, 1], [911, 6002566671944142028800000000, 4, 7, 1, 0], [912, 6000717455558128926720000000, 4, 6, 0, 1], [913, 6000717460318751895552000000, 1, 5, 1, 0], [914, 6000717458733346900684800000, 1, 4, 0, 1], [915, 6000717458731877572608000000, 2, 5, 1, 0], [916, 6000717457146472577740800000, 2, 4, 0, 1], [917, 6000717457146473938229760000, 1, 3, 1, 0], [918, 6000717457147941905817600000, 1, 4, 0, 1], [919, 6000717457145003249664000000, 3, 5, 1, 0], [920, 6000719169382397706240000000, 3, 6, 0, 1], [921, 6000719172556146352128000000, 1, 5, 1, 0], [922, 6000719170970741357260800000, 1, 4, 0, 1], [923, 6000719170969272029184000000, 2, 5, 1, 0], [924, 6000720883206666485760000000, 2, 6, 0, 1], [925, 6000720884793540808704000000, 1, 5, 1, 0], [926, 6000722597030935265280000000, 1, 6, 0, 1], [927, 6000715741733860147200000000, 5, 7, 1, 0], [928, 5998866525347847045120000000, 5, 6, 0, 1], [929, 5998866531695344336896000000, 1, 5, 1, 0], [930, 5998866530109939342028800000, 1, 4, 0, 1], [931, 5998866530108470013952000000, 2, 5, 1, 0], [932, 5998866528523065019084800000, 2, 4, 0, 1], [933, 5998866528523066379573760000, 1, 3, 1, 0], [934, 5998866528524534347161600000, 1, 4, 0, 1], [935, 5998866528521595691008000000, 3, 5, 1, 0], [936, 5998866526936190696140800000, 3, 4, 0, 1], [937, 5998866526936193417118720000, 1, 3, 1, 0], [938, 5998866526936192057889472000, 1, 2, 0, 1], [939, 5998866526936192056629760000, 2, 3, 1, 0], [940, 5998866526937660024217600000, 2, 4, 0, 1], [941, 5998866526937661384706560000, 1, 3, 1, 0], [942, 5998866526939129352294400000, 1, 4, 0, 1], [943, 5998866526934721368064000000, 4, 5, 1, 0], [944, 5998868239172115824640000000, 4, 6, 0, 1], [945, 5998868243932738793472000000, 1, 5, 1, 0], [946, 5998868242347333798604800000, 1, 4, 0, 1], [947, 5998868242345864470528000000, 2, 5, 1, 0], [948, 5998868240760459475660800000, 2, 4, 0, 1], [949, 5998868240760460836149760000, 1, 3, 1, 0], [950, 5998868240761928803737600000, 1, 4, 0, 1], [951, 5998868240758990147584000000, 3, 5, 1, 0], [952, 5998869952996384604160000000, 3, 6, 0, 1], [953, 5998869956170133250048000000, 1, 5, 1, 0], [954, 5998869954584728255180800000, 1, 4, 0, 1], [955, 5998869954583258927104000000, 2, 5, 1, 0], [956, 5998871666820653383680000000, 2, 6, 0, 1], [957, 5998871668407527706624000000, 1, 5, 1, 0], [958, 5998873380644922163200000000, 1, 6, 0, 1], [959, 5998864811523578265600000000, 6, 7, 1, 0], [960, 7996018508417728512000000000, 6, 8, 0, 1], [961, 8005273159469137920000000000, 1, 7, 1, 0], [962, 8003423943083124817920000000, 1, 6, 0, 1], [963, 8003422229258856038400000000, 2, 7, 1, 0], [964, 8001573012872842936320000000, 2, 6, 0, 1], [965, 8001573014459717259264000000, 1, 5, 1, 0], [966, 8001574726697111715840000000, 1, 6, 0, 1], [967, 8001571299048574156800000000, 3, 7, 1, 0], [968, 7999722082662561054720000000, 3, 6, 0, 1], [969, 7999722085836309700608000000, 1, 5, 1, 0], [970, 7999722084250904705740800000, 1, 4, 0, 1], [971, 7999722084249435377664000000, 2, 5, 1, 0], [972, 7999723796486829834240000000, 2, 6, 0, 1], [973, 7999723798073704157184000000, 1, 5, 1, 0], [974, 7999725510311098613760000000, 1, 6, 0, 1], [975, 7999720368838292275200000000, 4, 7, 1, 0], [976, 7997871152452279173120000000, 4, 6, 0, 1], [977, 7997871157212902141952000000, 1, 5, 1, 0], [978, 7997871155627497147084800000, 1, 4, 0, 1], [979, 7997871155626027819008000000, 2, 5, 1, 0], [980, 7997871154040622824140800000, 2, 4, 0, 1], [981, 7997871154040624184629760000, 1, 3, 1, 0], [982, 7997871154042092152217600000, 1, 4, 0, 1], [983, 7997871154039153496064000000, 3, 5, 1, 0], [984, 7997872866276547952640000000, 3, 6, 0, 1], [985, 7997872869450296598528000000, 1, 5, 1, 0], [986, 7997872867864891603660800000, 1, 4, 0, 1], [987, 7997872867863422275584000000, 2, 5, 1, 0], [988, 7997874580100816732160000000, 2, 6, 0, 1], [989, 7997874581687691055104000000, 1, 5, 1, 0], [990, 7997876293925085511680000000, 1, 6, 0, 1], [991, 7997869438628010393600000000, 5, 7, 1, 0], [992, 9995023135522160640000000000, 5, 8, 0, 1], [993, 10002426856363288166400000000, 1, 7, 1, 0], [994, 10000577639977275064320000000, 1, 6, 0, 1], [995, 10000575926153006284800000000, 2, 7, 1, 0], [996, 9998726709766993182720000000, 2, 6, 0, 1], [997, 9998726711353867505664000000, 1, 5, 1, 0], [998, 9998728423591261962240000000, 1, 6, 0, 1], [999, 9998724995942724403200000000, 3, 7, 1, 0], [1000, 9996875779556711301120000000, 3, 6, 0, 1], [1001, 9996875782730459947008000000, 1, 5, 1, 0], [1002, 9996875781145054952140800000, 1, 4, 0, 1], [1003, 9996875781143585624064000000, 2, 5, 1, 0], [1004, 9996877493380980080640000000, 2, 6, 0, 1], [1005, 9996877494967854403584000000, 1, 5, 1, 0], [1006, 9996879207205248860160000000, 1, 6, 0, 1], [1007, 9996874065732442521600000000, 4, 7, 1, 0], [1008, 11994027762626592768000000000, 4, 8, 0, 1], [1009, 11999580553257438412800000000, 1, 7, 1, 0], [1010, 11997731336871425310720000000, 1, 6, 0, 1], [1011, 11997729623047156531200000000, 2, 7, 1, 0], [1012, 11995880406661143429120000000, 2, 6, 0, 1], [1013, 11995880408248017752064000000, 1, 5, 1, 0], [1014, 11995882120485412208640000000, 1, 6, 0, 1], [1015, 11995878692836874649600000000, 3, 7, 1, 0], [1016, 13993032389731024896000000000, 3, 8, 0, 1], [1017, 13996734250151588659200000000, 1, 7, 1, 0], [1018, 13994885033765575557120000000, 1, 6, 0, 1], [1019, 13994883319941306777600000000, 2, 7, 1, 0], [1020, 15992037016835457024000000000, 2, 8, 0, 1], [1021, 15993887947045738905600000000, 1, 7, 1, 0], [1022, 17991041643939889152000000000, 1, 8, 0, 1], [1023, 0, 10, 9, 1, 0]]

